0 0.940755 0.529297 0.930339 0.529297 0.930339 0.514974 0.940755 0.514974 0.0859
0 0.645833 0.797526 0.626953 0.797526 0.626953 0.763672 0.645833 0.763672 0.2192
0 0.335337 0.839903 0.271041 0.763700 0.299527 0.739665 0.363824 0.815867 0.1345
0 0.332422 0.835417 0.311849 0.794271 0.331641 0.784375 0.352214 0.825521 0.3981
0 0.718477 0.729934 0.700842 0.663803 0.724507 0.657493 0.742142 0.723623 0.7008
0 0.559942 0.896465 0.539274 0.846863 0.558505 0.838850 0.579173 0.888452 0.1331
0 0.890217 0.814637 0.839824 0.795487 0.858143 0.747279 0.908536 0.766428 0.1570
0 0.704984 0.703943 0.684979 0.703543 0.685903 0.657299 0.705909 0.657699 0.0907
0 0.126823 0.797135 0.099236 0.788647 0.105486 0.768335 0.133073 0.776823 0.0931
0 0.659896 0.795703 0.645052 0.790755 0.657943 0.752083 0.672786 0.757031 0.1441
0 0.912754 0.807422 0.892362 0.806402 0.894707 0.759514 0.915098 0.760534 0.1033
0 0.937209 0.508940 0.919580 0.508205 0.921408 0.464336 0.939037 0.465071 0.3238
0 0.307943 0.797526 0.284505 0.797526 0.284505 0.746745 0.307943 0.746745 0.1182
0 0.916421 0.810299 0.900759 0.802781 0.922957 0.756535 0.938619 0.764053 0.2681
0 0.526042 0.405599 0.502604 0.405599 0.502604 0.391927 0.526042 0.391927 0.0543
0 0.557524 0.804404 0.552483 0.753997 0.570596 0.752185 0.575637 0.802593 0.5947
0 0.999349 0.968750 0.982422 0.968750 0.982422 0.931641 0.999349 0.931641 0.7753
0 0.169922 0.307943 0.137370 0.307943 0.137370 0.293620 0.169922 0.293620 0.1045
0 0.855006 0.786791 0.853086 0.750297 0.872392 0.749281 0.874313 0.785775 0.1401
0 0.873546 0.820125 0.851607 0.761621 0.874938 0.752872 0.896877 0.811376 0.5369
0 0.524740 0.813151 0.505208 0.813151 0.505208 0.759766 0.524740 0.759766 0.1546
0 0.091583 0.557839 0.076386 0.532005 0.097867 0.519369 0.113064 0.545203 0.0545
0 0.524740 0.405599 0.501302 0.405599 0.501302 0.391276 0.524740 0.391276 0.0595
0 0.571224 0.892708 0.565820 0.876497 0.572852 0.874154 0.578255 0.890364 0.0525
0 0.719106 0.729555 0.702956 0.667645 0.725721 0.661706 0.741872 0.723616 0.2422
0 0.125063 0.821352 0.066830 0.811959 0.070712 0.787888 0.128946 0.797280 0.1051
0 0.127170 0.820653 0.073115 0.810426 0.077563 0.786915 0.131618 0.797142 0.1316
0 0.175781 0.307943 0.136719 0.307943 0.136719 0.292969 0.175781 0.292969 0.0755
0 0.878906 0.792969 0.854818 0.792969 0.854818 0.750651 0.878906 0.750651 0.1541
0 0.670423 0.790575 0.658886 0.746736 0.676608 0.742073 0.688144 0.785912 0.0604
0 0.572266 0.803385 0.561849 0.803385 0.561849 0.779948 0.572266 0.779948 0.0937
0 0.919389 0.820058 0.879371 0.789456 0.900068 0.762391 0.940086 0.792993 0.0751
0 0.830021 0.803956 0.813172 0.794883 0.836983 0.750663 0.853832 0.759736 0.1018
0 0.658007 0.800870 0.642311 0.794984 0.659300 0.749679 0.674996 0.755565 0.4945
0 0.829237 0.805930 0.812985 0.798481 0.831664 0.757726 0.847917 0.765175 0.1605
0 0.294591 0.800871 0.280559 0.749419 0.306450 0.742358 0.320483 0.793810 0.3949
0 0.841666 0.794642 0.830694 0.763294 0.852734 0.755580 0.863706 0.786928 0.0784
0 0.127355 0.820574 0.068133 0.815424 0.070449 0.788791 0.129671 0.793941 0.6195
0 0.311198 0.797526 0.298828 0.797526 0.298828 0.750000 0.311198 0.750000 0.1154
0 0.309245 0.798177 0.283854 0.798177 0.283854 0.746094 0.309245 0.746094 0.1261
0 0.921769 0.813785 0.904561 0.810916 0.913235 0.758868 0.930444 0.761736 0.2196
0 0.910807 0.807292 0.892578 0.807292 0.892578 0.763021 0.910807 0.763021 0.0986
0 0.868707 0.791293 0.828436 0.783462 0.835952 0.744812 0.876222 0.752643 0.0546
0 0.567162 0.895631 0.539984 0.846710 0.553527 0.839187 0.580705 0.888107 0.7343
0 0.725911 0.874349 0.706380 0.874349 0.706380 0.836589 0.725911 0.836589 0.0938
0 0.094711 0.558444 0.075553 0.535455 0.094828 0.519392 0.113986 0.542382 0.1163
0 0.448568 0.680339 0.429688 0.680339 0.429688 0.658203 0.448568 0.658203 0.0972
0 0.328305 0.837588 0.306864 0.796046 0.338936 0.779492 0.360378 0.821034 0.4592
0 0.573568 0.802734 0.560547 0.802734 0.560547 0.755208 0.573568 0.755208 0.2695
0 0.121884 0.809316 0.097805 0.792260 0.112532 0.771469 0.136611 0.788525 0.0997
0 0.175130 0.308594 0.135417 0.308594 0.135417 0.291667 0.175130 0.291667 0.0545
0 0.096092 0.558891 0.075559 0.536305 0.093933 0.519602 0.114465 0.542188 0.1218
0 0.524740 0.813802 0.505208 0.813802 0.505208 0.759766 0.524740 0.759766 0.8647
0 0.930783 0.530694 0.929060 0.515188 0.940922 0.513870 0.942645 0.529376 0.0630
0 0.125184 0.798439 0.098380 0.783921 0.107286 0.767478 0.134090 0.781996 0.0872
0 0.068613 0.662500 0.039294 0.660957 0.039969 0.648143 0.069287 0.649686 0.1463
0 0.571615 0.802083 0.551432 0.802083 0.551432 0.753255 0.571615 0.753255 0.0977
0 0.871620 0.820196 0.849922 0.762334 0.874536 0.753104 0.896235 0.810966 0.1805
0 0.827925 0.805038 0.813902 0.797025 0.840024 0.751312 0.854046 0.759325 0.6187
0 0.296875 0.773438 0.283203 0.773438 0.283203 0.746094 0.296875 0.746094 0.0806
0 0.310183 0.798514 0.296732 0.797996 0.298657 0.747940 0.312109 0.748457 0.4334
0 0.683594 0.740885 0.662760 0.740885 0.662760 0.707682 0.683594 0.707682 0.3053
0 0.317708 0.787760 0.300130 0.787760 0.300130 0.750000 0.317708 0.750000 0.0701
0 0.612911 0.791816 0.591050 0.785258 0.604937 0.738968 0.626798 0.745526 0.0761
0 0.684245 0.742839 0.662109 0.742839 0.662109 0.705729 0.684245 0.705729 0.0860
0 0.914470 0.516912 0.900852 0.516061 0.902536 0.489107 0.916155 0.489958 0.0580
0 0.548447 0.893602 0.531444 0.862686 0.546864 0.854205 0.563867 0.885121 0.0724
0 0.999349 0.968750 0.982422 0.968750 0.982422 0.931641 0.999349 0.931641 0.1246
0 0.709213 0.701679 0.690140 0.700090 0.693647 0.658010 0.712720 0.659600 0.1068
0 0.453125 0.680990 0.429036 0.680990 0.429036 0.656250 0.453125 0.656250 0.0626
0 0.602012 0.791297 0.585808 0.783621 0.604645 0.743853 0.620849 0.751529 0.1100
0 0.556401 0.873714 0.538425 0.847748 0.548141 0.841021 0.566117 0.866987 0.1079
0 0.889323 0.805990 0.882760 0.760052 0.905547 0.756797 0.912109 0.802734 0.1945
0 0.091142 0.835903 0.069633 0.790304 0.117321 0.767810 0.138830 0.813408 0.4637
0 0.127672 0.820959 0.073882 0.811305 0.078016 0.788275 0.131805 0.797930 0.1356
0 0.869427 0.789661 0.846185 0.786341 0.851693 0.747786 0.874935 0.751107 0.0743
0 0.156250 0.308594 0.130859 0.308594 0.130859 0.289714 0.156250 0.289714 0.1083
0 0.913887 0.517610 0.899973 0.516682 0.901863 0.488336 0.915776 0.489264 0.0544
0 0.999349 0.968750 0.982422 0.968750 0.982422 0.931641 0.999349 0.931641 0.1578
0 0.869238 0.786566 0.846856 0.785388 0.848753 0.749338 0.871135 0.750516 0.0917
0 0.667162 0.807703 0.629189 0.794528 0.646461 0.744744 0.684434 0.757918 0.3320
0 0.522786 0.405599 0.501302 0.405599 0.501302 0.391276 0.522786 0.391276 0.0525
0 0.684245 0.742188 0.660807 0.742188 0.660807 0.703125 0.684245 0.703125 0.0951
0 0.094789 0.814122 0.067770 0.791871 0.076772 0.780940 0.103791 0.803191 0.2014
0 0.906055 0.479232 0.881355 0.463249 0.886752 0.454908 0.911452 0.470891 0.0512
0 0.939453 0.812500 0.909505 0.812500 0.909505 0.759115 0.939453 0.759115 0.4857
0 0.723660 0.875683 0.704641 0.873954 0.708013 0.836855 0.727032 0.838584 0.1114
0 0.605647 0.790527 0.590810 0.785741 0.604328 0.743836 0.619165 0.748622 0.4878
0 0.725767 0.875236 0.703223 0.872295 0.710505 0.816463 0.733050 0.819404 0.8940
0 0.559373 0.877651 0.539798 0.847536 0.550210 0.840768 0.569785 0.870883 0.2110
0 0.778646 0.157552 0.774089 0.152995 0.790365 0.136719 0.794922 0.141276 0.0959
0 0.168620 0.309896 0.131510 0.309896 0.131510 0.289714 0.168620 0.289714 0.2604
0 0.655599 0.799479 0.641797 0.792578 0.655208 0.765755 0.669010 0.772656 0.2035
0 0.688459 0.703796 0.685857 0.659564 0.711160 0.658075 0.713762 0.702308 0.0618
0 0.726547 0.874492 0.704109 0.871999 0.710207 0.817121 0.732644 0.819614 0.1605
0 0.911606 0.519666 0.896902 0.515465 0.904911 0.487434 0.919615 0.491635 0.3446
0 0.730781 0.840169 0.713467 0.822162 0.720844 0.815069 0.738159 0.833076 0.0559
0 0.705078 0.703776 0.689453 0.703776 0.689453 0.661458 0.705078 0.661458 0.4174
0 0.331120 0.835156 0.316927 0.792578 0.330990 0.787891 0.345182 0.830469 0.2592
0 0.664338 0.743565 0.657177 0.707757 0.679838 0.703225 0.686999 0.739032 0.0937
0 0.707750 0.708774 0.700743 0.663227 0.716496 0.660803 0.723503 0.706350 0.1520
0 0.572996 0.893166 0.556037 0.871967 0.564533 0.865171 0.581491 0.886369 0.1275
0 0.675716 0.797070 0.659896 0.791797 0.670247 0.760742 0.686068 0.766016 0.0775
0 0.891889 0.802581 0.881166 0.759689 0.902152 0.754442 0.912875 0.797334 0.1140
0 0.092298 0.558043 0.075571 0.532953 0.097055 0.518630 0.113782 0.543720 0.0565
0 0.523438 0.405599 0.502604 0.405599 0.502604 0.391927 0.523438 0.391927 0.1632
0 0.332984 0.833625 0.323476 0.801025 0.341301 0.795826 0.350809 0.828426 0.1125
0 0.910849 0.814963 0.896119 0.787959 0.917649 0.776216 0.932379 0.803219 0.0835
0 0.296775 0.774890 0.281070 0.772927 0.284555 0.745042 0.300260 0.747005 0.0996
0 0.822995 0.797949 0.819979 0.756725 0.853258 0.754290 0.856274 0.795514 0.1254
0 0.725222 0.825674 0.717563 0.823759 0.719171 0.817325 0.726831 0.819240 0.0855
0 0.340209 0.827729 0.332006 0.797651 0.348367 0.793189 0.356570 0.823267 0.1100
