0 0.085736 0.047673 0.075591 0.005823 0.108889 0.000000 0.119034 0.039601 0.0786
0 0.611783 0.086927 0.594872 0.066258 0.604905 0.058049 0.621816 0.078718 0.1663
0 0.266878 0.284585 0.265569 0.251851 0.299707 0.250486 0.301016 0.283220 0.0934
0 0.035320 0.173879 0.005762 0.117719 0.030528 0.104684 0.060086 0.160844 0.1041
0 0.100760 0.070575 0.082807 0.041081 0.091853 0.035575 0.109806 0.065068 0.0884
0 0.053893 0.269735 0.041957 0.201528 0.062376 0.197955 0.074313 0.266162 0.1730
0 0.589453 0.101042 0.569792 0.042057 0.583659 0.037435 0.603320 0.096419 0.5229
0 0.453108 0.232819 0.333589 0.231624 0.334617 0.128789 0.454136 0.129984 0.0830
0 0.029180 0.170983 0.020463 0.111206 0.033066 0.109368 0.041784 0.169145 0.5099
0 0.281250 0.041667 0.272135 0.041667 0.272135 0.000000 0.281250 0.000000 0.3491
0 0.011719 0.128906 0.000000 0.128906 0.000000 0.092448 0.011719 0.092448 0.0652
0 0.121891 0.036070 0.116130 0.000065 0.127912 0.000000 0.133673 0.034185 0.1029
0 0.013021 0.052734 0.000000 0.052734 0.000000 0.017578 0.013021 0.017578 0.2078
0 0.155371 0.041370 0.143722 0.007717 0.159978 0.002090 0.171627 0.035743 0.1395
0 0.407552 0.667969 0.385417 0.667969 0.385417 0.653646 0.407552 0.653646 0.0694
0 0.107695 0.038372 0.102227 0.000091 0.118177 0.000000 0.123646 0.036094 0.1416
0 0.613932 0.085286 0.593750 0.085286 0.593750 0.061198 0.613932 0.061198 0.0839
0 0.204427 0.373047 0.168169 0.318660 0.199269 0.297927 0.235527 0.352314 0.0993
0 0.018880 0.154297 0.000000 0.154297 0.000000 0.138672 0.018880 0.138672 0.0968
0 0.024089 0.255859 0.000000 0.240154 0.016124 0.213576 0.040922 0.229281 0.0511
0 0.211586 0.033716 0.201908 0.006619 0.211270 0.003276 0.220948 0.030372 0.2235
0 0.113813 0.039465 0.103017 0.000137 0.123483 0.000000 0.134279 0.033847 0.0582
0 0.029210 0.170374 0.021011 0.116495 0.033322 0.114622 0.041521 0.168500 0.1263
0 0.044118 0.203995 0.040225 0.181933 0.050884 0.180052 0.054777 0.202113 0.0963
0 0.263572 0.082875 0.253306 0.079282 0.260634 0.058344 0.270900 0.061937 0.0746
0 0.115502 0.036880 0.111046 0.000113 0.129011 0.000000 0.133468 0.034702 0.0520
0 0.085555 0.046645 0.075406 0.006051 0.109413 0.000000 0.119562 0.038143 0.1000
0 0.095052 0.055990 0.068952 0.027279 0.103236 0.000000 0.129336 0.024822 0.0679
0 0.010417 0.130208 0.000000 0.130208 0.000000 0.091797 0.010417 0.091797 0.2615
0 0.112688 0.038168 0.103731 0.000102 0.118682 0.000000 0.127638 0.034650 0.0964
0 0.118081 0.042102 0.096327 0.040823 0.098765 0.000000 0.120519 0.000656 0.0946
0 0.106044 0.040190 0.098290 0.000129 0.123108 0.000000 0.130862 0.035387 0.0590
0 0.057943 0.237630 0.050130 0.237630 0.050130 0.201823 0.057943 0.201823 0.0501
0 0.235269 0.062475 0.222079 0.019609 0.233333 0.016146 0.246523 0.059013 0.1592
0 0.234188 0.060047 0.215486 0.010176 0.228257 0.005387 0.246959 0.055258 0.0927
0 0.249526 0.096265 0.244219 0.059996 0.253344 0.058660 0.258652 0.094929 0.1161
0 0.049479 0.069010 0.024089 0.069010 0.024089 0.026042 0.049479 0.026042 0.0504
0 0.025391 0.012370 0.003255 0.012370 0.003255 0.000000 0.025391 0.000000 0.0544
0 0.026042 0.120443 0.014323 0.120443 0.014323 0.096354 0.026042 0.096354 0.0651
0 0.054850 0.269903 0.036273 0.184977 0.057455 0.180343 0.076033 0.265269 0.6746
0 0.026070 0.259665 0.017675 0.257333 0.025268 0.230001 0.033662 0.232332 0.1096
0 0.251705 0.098052 0.244815 0.057864 0.254122 0.056269 0.261011 0.096457 0.3471
0 0.017758 0.247780 0.010399 0.247183 0.013082 0.214092 0.020441 0.214689 0.0980
0 0.037922 0.172883 0.000000 0.132479 0.023985 0.109508 0.062206 0.149912 0.0619
0 0.154711 0.042450 0.146967 0.009537 0.162679 0.005840 0.170424 0.038753 0.0803
0 0.053892 0.269188 0.042338 0.202753 0.062752 0.199203 0.074306 0.265638 0.1821
0 0.264323 0.040365 0.241536 0.040365 0.241536 0.000000 0.264323 0.000000 0.0720
0 0.168116 0.021735 0.167534 0.013006 0.192207 0.011362 0.192789 0.020090 0.0503
0 0.269187 0.036382 0.261680 0.006357 0.277918 0.002298 0.285424 0.032322 0.0815
0 0.206931 0.346275 0.175614 0.321483 0.189278 0.304223 0.220595 0.329016 0.0818
0 0.595052 0.098958 0.556966 0.060872 0.579753 0.038086 0.617839 0.076172 0.4418
0 0.009766 0.128255 0.000000 0.128255 0.000000 0.091146 0.009766 0.091146 0.0840
0 0.118225 0.037348 0.111704 0.000393 0.126931 0.000000 0.133453 0.034660 0.0926
0 0.272679 0.041575 0.269501 0.000253 0.283490 0.000000 0.286669 0.040499 0.0505
0 0.054478 0.267692 0.041868 0.196234 0.061440 0.192780 0.074051 0.264238 0.0850
0 0.570325 0.085489 0.567668 0.042971 0.584691 0.041907 0.587349 0.084425 0.0509
0 0.010417 0.153646 0.000000 0.153646 0.000000 0.136068 0.010417 0.136068 0.0998
0 0.234761 0.064348 0.220578 0.012345 0.232036 0.009220 0.246219 0.061223 0.4698
0 0.261068 0.039714 0.240885 0.039714 0.240885 0.000000 0.261068 0.000000 0.0769
0 0.017659 0.248482 0.009996 0.247763 0.013148 0.214144 0.020811 0.214862 0.1687
0 0.279297 0.038411 0.252604 0.038411 0.252604 0.000000 0.279297 0.000000 0.0585
0 0.121864 0.036028 0.116967 0.000119 0.129314 0.000000 0.134211 0.034344 0.0947
0 0.116398 0.037198 0.109361 0.000251 0.123003 0.000000 0.130040 0.034599 0.1844
0 0.024740 0.011068 0.003255 0.011068 0.003255 0.000000 0.024740 0.000000 0.0524
0 0.048828 0.070964 0.037109 0.070964 0.037109 0.027344 0.048828 0.027344 0.1896
0 0.054283 0.267103 0.042969 0.199219 0.062394 0.195981 0.073708 0.263865 0.0601
0 0.451088 0.062446 0.442953 0.025843 0.452949 0.023621 0.461083 0.060225 0.1834
0 0.101585 0.064307 0.075608 0.057662 0.088615 0.006817 0.114592 0.013462 0.0657
0 0.214802 0.029334 0.183037 0.027409 0.184422 0.004568 0.216186 0.006493 0.0528
0 0.595052 0.092448 0.584375 0.071094 0.604688 0.060938 0.615365 0.082292 0.0541
0 0.588922 0.101473 0.565680 0.044819 0.580625 0.038688 0.603868 0.095342 0.0803
0 0.612468 0.088414 0.598764 0.065902 0.608182 0.060169 0.621886 0.082681 0.1096
0 0.263416 0.033310 0.260074 0.004904 0.277413 0.002864 0.280755 0.031270 0.0709
0 0.285807 0.029297 0.272786 0.029297 0.272786 0.000000 0.285807 0.000000 0.0537
0 0.089526 0.072146 0.083526 0.039146 0.107073 0.034865 0.113073 0.067865 0.0797
0 0.262370 0.037109 0.240234 0.037109 0.240234 0.000000 0.262370 0.000000 0.0596
0 0.158785 0.038262 0.153118 0.008034 0.164674 0.005867 0.170342 0.036095 0.0850
0 0.609016 0.092201 0.598734 0.066496 0.609285 0.062276 0.619567 0.087980 0.0533
0 0.106273 0.040977 0.096163 0.000536 0.120826 0.000000 0.130936 0.034812 0.0577
0 0.250355 0.038440 0.237097 0.000877 0.247382 0.000000 0.260639 0.034810 0.1109
