0 0.114809 0.541064 0.073835 0.529203 0.077752 0.515671 0.118726 0.527532 0.0658
0 0.068661 0.679171 0.037052 0.640787 0.050698 0.629549 0.082308 0.667932 0.1158
0 0.184761 0.704090 0.150581 0.689442 0.155633 0.677656 0.189812 0.692304 0.0506
0 0.400526 0.578053 0.396345 0.570213 0.422330 0.556355 0.426511 0.564194 0.0842
0 0.095799 0.481983 0.069491 0.453483 0.085958 0.438282 0.112266 0.466782 0.0593
0 0.322726 0.494379 0.289142 0.467511 0.297272 0.457349 0.330856 0.484216 0.4341
0 0.365799 0.491531 0.349506 0.472910 0.358724 0.464844 0.375017 0.483465 0.0735
0 0.559418 0.662525 0.523862 0.605805 0.639465 0.533337 0.675021 0.590058 0.0615
0 0.326665 0.516409 0.297774 0.501000 0.304766 0.487889 0.333658 0.503298 0.1017
0 0.070324 0.679615 0.063850 0.659113 0.072948 0.656240 0.079422 0.676742 0.0519
0 0.365391 0.491745 0.350547 0.471953 0.360859 0.464219 0.375703 0.484010 0.2878
0 0.119141 0.533854 0.077474 0.533854 0.077474 0.506510 0.119141 0.506510 0.0669
0 0.098149 0.481526 0.075807 0.461537 0.086228 0.449890 0.108570 0.469880 0.0753
0 0.534280 0.742663 0.514899 0.727589 0.519912 0.721144 0.539293 0.736218 0.0920
0 0.615560 0.158529 0.597331 0.140299 0.610677 0.126953 0.628906 0.145182 0.2544
0 0.014323 0.600260 0.000000 0.600260 0.000000 0.580078 0.014323 0.580078 0.4201
0 0.118241 0.520945 0.089096 0.512849 0.092407 0.500929 0.121553 0.509025 0.0881
0 0.185241 0.703287 0.151034 0.687190 0.155711 0.677251 0.189918 0.693348 0.4537
0 0.524201 0.311804 0.511629 0.306416 0.521597 0.283158 0.534168 0.288546 0.0546
0 0.697496 0.583744 0.675481 0.571164 0.693630 0.539403 0.715645 0.551983 0.0645
0 0.318774 0.528283 0.296754 0.503117 0.310628 0.490978 0.332648 0.516144 0.0985
0 0.400545 0.578066 0.396364 0.570261 0.422054 0.556498 0.426235 0.564303 0.0969
0 0.066230 0.682759 0.038216 0.638737 0.054182 0.628577 0.082196 0.672599 0.5196
0 0.237330 0.340294 0.212690 0.323868 0.219601 0.313502 0.244241 0.329928 0.0515
0 0.241090 0.337980 0.216227 0.327103 0.220993 0.316208 0.245857 0.327085 0.0665
0 0.307623 0.523704 0.292706 0.460310 0.318144 0.454325 0.333060 0.517719 0.1405
0 0.091272 0.485747 0.067206 0.439219 0.096978 0.423820 0.121044 0.470347 0.1148
0 0.925026 0.312996 0.858487 0.258741 0.910432 0.195036 0.976970 0.249291 0.0600
0 0.091526 0.487443 0.065574 0.440119 0.095832 0.423527 0.121783 0.470850 0.5005
0 0.181296 0.736903 0.158414 0.723173 0.169730 0.704312 0.192613 0.718041 0.0732
0 0.297544 0.477924 0.292168 0.460006 0.300530 0.457497 0.305906 0.475416 0.0580
0 0.014323 0.600260 0.000000 0.600260 0.000000 0.580078 0.014323 0.580078 0.0620
0 0.117117 0.538183 0.074148 0.531021 0.076876 0.514657 0.119844 0.521819 0.1147
0 0.114861 0.541287 0.073262 0.527975 0.077926 0.513400 0.119525 0.526712 0.1333
0 0.741499 0.700869 0.720078 0.687098 0.736620 0.661367 0.758040 0.675137 0.0535
0 0.184635 0.703646 0.151042 0.686849 0.156120 0.676693 0.189714 0.693490 0.0627
0 0.315736 0.528839 0.303060 0.513346 0.309335 0.508212 0.322011 0.523705 0.1644
0 0.119792 0.535156 0.074870 0.535156 0.074870 0.505859 0.119792 0.505859 0.4421
0 0.058772 0.661243 0.044093 0.634330 0.053079 0.629429 0.067758 0.656341 0.1450
0 0.326022 0.516827 0.299579 0.499199 0.306991 0.488081 0.333434 0.505709 0.0722
0 0.241536 0.314453 0.214193 0.314453 0.214193 0.305339 0.241536 0.305339 0.0539
0 0.324870 0.523438 0.300456 0.499023 0.309896 0.489583 0.334310 0.513997 0.3818
0 0.255859 0.333984 0.215495 0.333984 0.215495 0.305339 0.255859 0.305339 0.4774
0 0.516667 0.842969 0.500261 0.834766 0.516276 0.802734 0.532682 0.810938 0.1855
0 0.326566 1.000000 0.276116 0.980656 0.318179 0.913617 0.368629 0.945273 0.0798
0 0.101452 0.468720 0.086228 0.442077 0.101653 0.433263 0.116877 0.459906 0.0582
0 0.217765 0.330025 0.213858 0.306588 0.228639 0.304124 0.232545 0.327562 0.0665
0 0.096072 0.452132 0.071668 0.441285 0.076071 0.431379 0.100475 0.442225 0.0560
0 0.466663 0.781461 0.430434 0.758406 0.449307 0.728749 0.485535 0.751804 0.0800
0 0.512804 0.759293 0.490319 0.753797 0.501078 0.709783 0.523562 0.715279 0.1293
0 0.320313 0.492188 0.292643 0.464518 0.300456 0.456706 0.328125 0.484375 0.1060
0 0.463828 0.781953 0.429661 0.756328 0.451927 0.726641 0.486094 0.752266 0.0558
0 0.252324 0.327965 0.222736 0.311058 0.228706 0.300611 0.258293 0.317518 0.0645
0 0.074703 0.680312 0.051916 0.664036 0.060538 0.651965 0.083325 0.668242 0.0802
0 0.255208 0.333333 0.216146 0.333333 0.216146 0.305339 0.255208 0.305339 0.0992
