0 0.611078 0.259310 0.574289 0.258161 0.576012 0.203018 0.612801 0.204168 0.0802
0 0.264063 0.140495 0.243490 0.130208 0.249479 0.118229 0.270052 0.128516 0.0799
0 0.527702 0.900283 0.513672 0.888672 0.537313 0.860105 0.551344 0.871716 0.1805
0 0.683524 0.799226 0.667056 0.764917 0.693407 0.752269 0.709875 0.786578 0.0590
0 0.559796 0.869942 0.547927 0.862029 0.568159 0.831681 0.580028 0.839593 0.1605
0 0.258539 0.572434 0.253074 0.550938 0.320289 0.533849 0.325754 0.555345 0.0729
0 0.256466 0.606500 0.240538 0.559856 0.318526 0.533226 0.334453 0.579870 0.1096
0 0.691590 0.579759 0.649801 0.567819 0.663190 0.520956 0.704980 0.532896 0.1306
0 0.521285 0.923605 0.500613 0.913958 0.526892 0.857645 0.547564 0.867292 0.2071
0 0.645182 0.787760 0.628906 0.787760 0.628906 0.754557 0.645182 0.754557 0.1168
0 0.802646 0.892047 0.792530 0.890302 0.798075 0.858145 0.808191 0.859889 0.0616
0 0.751302 0.583984 0.742188 0.583984 0.742188 0.559896 0.751302 0.559896 0.0706
0 0.231120 0.373698 0.175130 0.373698 0.175130 0.349609 0.231120 0.349609 0.2220
0 0.592578 0.637109 0.578255 0.629948 0.594271 0.597917 0.608594 0.605078 0.1210
0 0.579818 0.665885 0.563932 0.657943 0.593099 0.599609 0.608984 0.607552 0.1416
0 0.681760 0.796572 0.678497 0.742733 0.709594 0.740849 0.712857 0.794687 0.0655
0 0.026693 0.226562 0.000000 0.226562 0.000000 0.193359 0.026693 0.193359 0.1139
0 0.738281 0.603516 0.722656 0.603516 0.722656 0.572917 0.738281 0.572917 0.3502
0 0.776479 0.523352 0.764820 0.496353 0.800274 0.481043 0.811933 0.508042 0.4598
0 0.028193 0.222192 0.000000 0.220867 0.000511 0.188618 0.029659 0.189943 0.0710
0 0.303431 0.241430 0.288095 0.217729 0.307882 0.204926 0.323218 0.228627 0.0863
0 0.714765 0.795560 0.679698 0.784984 0.700801 0.715011 0.735868 0.725587 0.0789
0 0.644531 0.649740 0.634115 0.649740 0.634115 0.618490 0.644531 0.618490 0.0547
0 0.905067 0.913265 0.850766 0.877689 0.861397 0.861463 0.915697 0.897039 0.1894
0 0.290767 0.233593 0.268496 0.196177 0.278041 0.190495 0.300313 0.227911 0.0722
0 0.748047 0.582682 0.736328 0.582682 0.736328 0.548177 0.748047 0.548177 0.4461
0 0.630753 0.805467 0.608532 0.786949 0.615683 0.778368 0.637903 0.796886 0.0550
0 0.742613 0.584160 0.736228 0.552234 0.746870 0.550105 0.753255 0.582031 0.0822
0 0.507338 0.562978 0.482604 0.529250 0.513256 0.506772 0.537990 0.540500 0.1230
0 0.876181 0.878201 0.854012 0.868349 0.857959 0.859469 0.880128 0.869322 0.1772
0 0.512695 0.922852 0.498698 0.908854 0.519857 0.887695 0.533854 0.901693 0.1820
0 0.644015 0.645746 0.640284 0.612162 0.652645 0.610788 0.656377 0.644372 0.1727
0 0.213542 0.795573 0.195312 0.795573 0.195312 0.774089 0.213542 0.774089 0.1552
0 0.339194 0.253817 0.292117 0.229467 0.313261 0.188590 0.360338 0.212940 0.0545
0 0.748698 0.587891 0.735026 0.587891 0.735026 0.550781 0.748698 0.550781 0.0749
0 0.648648 0.805870 0.641932 0.757736 0.699005 0.749772 0.705722 0.797906 0.0751
0 0.652082 0.809008 0.637522 0.762207 0.696036 0.744002 0.710597 0.790803 0.0593
0 0.566158 0.866874 0.552919 0.860065 0.573701 0.819656 0.586940 0.826464 0.0666
0 0.706662 0.823955 0.681408 0.816185 0.692247 0.780958 0.717501 0.788728 0.0696
0 0.781295 0.875098 0.770807 0.871165 0.785602 0.831710 0.796090 0.835643 0.1388
0 0.282837 0.148567 0.242505 0.135963 0.248251 0.117577 0.288583 0.130181 0.0678
0 0.708083 0.614633 0.683183 0.607843 0.685497 0.599359 0.710397 0.606150 0.1352
0 0.575938 0.668266 0.561340 0.660538 0.593171 0.600414 0.607768 0.608142 0.4976
0 0.636252 0.805207 0.628994 0.759238 0.693016 0.749129 0.700275 0.795098 0.0771
0 0.536830 0.583135 0.530793 0.571815 0.555055 0.558875 0.561092 0.570195 0.2122
0 0.300658 0.274177 0.270022 0.262556 0.285811 0.220929 0.316448 0.232550 0.0933
0 0.720777 0.767900 0.708635 0.762504 0.727133 0.720884 0.739275 0.726281 0.1342
0 0.522676 0.562042 0.480448 0.537728 0.508685 0.488685 0.550913 0.512998 0.1118
0 0.417468 0.403711 0.413355 0.372177 0.464734 0.365475 0.468847 0.397010 0.1763
0 0.705469 0.821745 0.682813 0.814193 0.691536 0.788021 0.714193 0.795573 0.1574
0 0.444010 0.383464 0.414062 0.383464 0.414062 0.372396 0.444010 0.372396 0.1190
0 0.535156 0.694661 0.502279 0.661784 0.510742 0.653320 0.543620 0.686198 0.1565
0 0.895835 0.919508 0.871943 0.880325 0.885533 0.872039 0.909424 0.911222 0.1179
0 0.643942 0.808685 0.631117 0.762515 0.691356 0.745782 0.704181 0.791952 0.0768
0 0.034505 0.228516 0.000000 0.228516 0.000000 0.190755 0.034505 0.190755 0.0901
0 0.802664 0.893652 0.793374 0.892103 0.799215 0.857052 0.808506 0.858601 0.1017
0 0.788240 0.525890 0.773809 0.520942 0.787055 0.482310 0.801486 0.487258 0.1867
0 0.775347 0.873938 0.748070 0.851906 0.773785 0.820068 0.801063 0.842099 0.0504
0 0.559322 0.869766 0.547623 0.861613 0.575045 0.822269 0.586743 0.830422 0.6979
0 0.705990 0.824089 0.680599 0.815625 0.693620 0.776563 0.719010 0.785026 0.0555
0 0.261719 0.135417 0.248698 0.135417 0.248698 0.122396 0.261719 0.122396 0.1554
0 0.726913 0.591596 0.717147 0.585086 0.729367 0.566757 0.739133 0.573267 0.1286
0 0.529409 0.910201 0.507633 0.901491 0.525413 0.857040 0.547189 0.865751 0.1355
0 0.817147 0.899018 0.808894 0.897987 0.814503 0.853115 0.822757 0.854147 0.1599
0 0.556247 0.868660 0.542647 0.851587 0.589962 0.813895 0.603562 0.830968 0.2635
0 0.294531 0.246875 0.269536 0.195924 0.298200 0.181863 0.323195 0.232814 0.0577
0 0.467448 0.384115 0.441406 0.384115 0.441406 0.371745 0.467448 0.371745 0.0637
0 0.253906 0.139323 0.245703 0.122917 0.257682 0.116927 0.265885 0.133333 0.0568
0 0.465495 0.384115 0.414714 0.384115 0.414714 0.372396 0.465495 0.372396 0.1287
0 0.466797 0.383464 0.436849 0.383464 0.436849 0.370443 0.466797 0.370443 0.1023
0 0.515625 0.891927 0.513021 0.891927 0.513021 0.886719 0.515625 0.886719 0.0768
0 0.602214 0.610026 0.592448 0.610026 0.592448 0.590495 0.602214 0.590495 0.0801
0 0.296875 0.279948 0.265885 0.264453 0.286198 0.223828 0.317188 0.239323 0.0893
0 0.735287 0.607943 0.721745 0.580859 0.738151 0.572656 0.751693 0.599740 0.0864
0 0.543396 0.698192 0.500690 0.665902 0.509513 0.654233 0.552219 0.686523 0.1456
0 0.024089 0.220703 0.000000 0.220703 0.000000 0.193359 0.024089 0.193359 0.1515
0 0.703255 0.824609 0.680599 0.813281 0.694401 0.785677 0.717057 0.797005 0.0702
0 0.805013 0.513997 0.791667 0.500651 0.798177 0.494141 0.811523 0.507487 0.0765
0 0.494792 0.276693 0.476562 0.276693 0.476562 0.255859 0.494792 0.255859 0.0720
0 0.295573 0.583984 0.272571 0.546099 0.316182 0.519621 0.339184 0.557507 0.0828
0 0.702474 0.830078 0.679596 0.809280 0.706168 0.780051 0.729046 0.800849 0.0504
0 0.502076 0.237813 0.471056 0.220280 0.488589 0.189259 0.519610 0.206792 0.0524
0 0.495543 0.525716 0.489643 0.502706 0.532342 0.491757 0.538242 0.514767 0.0624
0 0.738983 0.606322 0.717530 0.599427 0.735007 0.545055 0.756460 0.551951 0.4044
0 0.736979 0.602214 0.722656 0.602214 0.722656 0.572917 0.736979 0.572917 0.2621
0 0.548908 0.426422 0.545112 0.396054 0.586859 0.390835 0.590655 0.421204 0.0663
0 0.312289 0.258499 0.282051 0.236900 0.310776 0.196685 0.341014 0.218284 0.0567
0 0.524108 0.386285 0.500023 0.335927 0.539646 0.316976 0.563731 0.367335 0.1844
0 0.317097 0.558432 0.302035 0.545630 0.317569 0.527355 0.332630 0.540158 0.0702
0 0.306330 0.587431 0.288433 0.577364 0.315591 0.529082 0.333488 0.539149 0.0746
0 0.643490 0.641797 0.641007 0.612002 0.652591 0.611036 0.655074 0.640832 0.1986
0 0.024740 0.211589 0.000000 0.211589 0.000000 0.192057 0.024740 0.192057 0.0890
0 0.677048 0.865797 0.666024 0.863500 0.674257 0.823983 0.685281 0.826279 0.1624
0 0.735907 0.605780 0.718277 0.581928 0.734679 0.569805 0.752309 0.593657 0.1079
0 0.904635 0.914627 0.877730 0.890413 0.884528 0.882859 0.911433 0.907074 0.1142
0 0.881899 0.894273 0.852378 0.867806 0.863714 0.855161 0.893236 0.881629 0.0865
0 0.610347 0.259258 0.576235 0.258255 0.577781 0.205700 0.611893 0.206703 0.0625
0 0.414996 0.384753 0.414375 0.370457 0.466416 0.368195 0.467038 0.382491 0.1419
0 0.767514 0.604220 0.745208 0.602192 0.748805 0.562628 0.771111 0.564656 0.1051
0 0.748047 0.581380 0.735026 0.581380 0.735026 0.548177 0.748047 0.548177 0.0813
0 0.009115 0.212891 0.000000 0.212891 0.000000 0.192057 0.009115 0.192057 0.2523
0 0.782681 0.525059 0.772315 0.519478 0.784837 0.496222 0.795203 0.501804 0.0796
0 0.886261 0.899612 0.850349 0.871396 0.862096 0.856444 0.898008 0.884661 0.1136
0 0.647959 0.672685 0.636372 0.671129 0.644316 0.611989 0.655904 0.613546 0.2617
0 0.607902 0.256665 0.575399 0.255039 0.577347 0.216074 0.609851 0.217700 0.0660
0 0.563802 0.678385 0.526042 0.678385 0.526042 0.651693 0.563802 0.651693 0.0561
0 0.282555 0.145009 0.249489 0.136192 0.253509 0.121118 0.286575 0.129935 0.1475
0 0.738982 0.605869 0.717700 0.599098 0.734894 0.545057 0.756177 0.551829 0.3654
0 0.035156 0.235026 0.000000 0.235026 0.000000 0.191406 0.035156 0.191406 0.0939
0 0.282832 0.144290 0.244919 0.134461 0.248662 0.120023 0.286575 0.129853 0.0701
0 0.674145 0.843215 0.648421 0.841377 0.652043 0.790669 0.677767 0.792506 0.0507
0 0.466146 0.384115 0.414714 0.384115 0.414714 0.370443 0.466146 0.370443 0.6833
0 0.808594 0.892578 0.795573 0.892578 0.795573 0.854167 0.808594 0.854167 0.0841
0 0.718099 0.772135 0.704557 0.765365 0.726953 0.720573 0.740495 0.727344 0.3917
0 0.539351 0.871330 0.534834 0.866168 0.540411 0.861288 0.544928 0.866450 0.0957
0 0.877954 0.895361 0.852947 0.879285 0.858658 0.870400 0.883666 0.886477 0.1506
0 0.664060 0.842741 0.651183 0.838701 0.665424 0.793307 0.678301 0.797346 0.0597
0 0.535354 0.544653 0.496559 0.511100 0.518471 0.485763 0.557267 0.519316 0.0622
0 0.686712 0.818807 0.673946 0.759229 0.701778 0.753265 0.714545 0.812843 0.0682
0 0.923108 0.994389 0.895090 0.990993 0.900068 0.949929 0.928085 0.953325 0.1071
0 0.610869 0.259322 0.574240 0.257914 0.576328 0.203632 0.612957 0.205041 0.0879
0 0.522719 0.923985 0.501268 0.914792 0.525986 0.857119 0.547436 0.866312 0.8377
0 0.290464 0.238286 0.269004 0.196260 0.279266 0.191020 0.300726 0.233046 0.2456
0 0.731485 0.814849 0.696009 0.805173 0.703686 0.777023 0.739163 0.786699 0.0637
0 0.571443 0.465184 0.564991 0.437226 0.601650 0.428766 0.608102 0.456724 0.0686
0 0.778502 0.875375 0.766666 0.868413 0.788139 0.831909 0.799975 0.838871 0.0588
0 0.598078 0.607993 0.586535 0.600847 0.601312 0.576978 0.612854 0.584123 0.0756
0 0.705990 0.823438 0.681576 0.815300 0.694596 0.776237 0.719010 0.784375 0.0655
0 0.562488 0.486217 0.519570 0.418773 0.576356 0.382636 0.619275 0.450080 0.1067
0 0.726337 0.607725 0.719059 0.575493 0.733266 0.572285 0.740544 0.604517 0.0513
0 0.659114 0.673800 0.637027 0.671123 0.644276 0.611317 0.666363 0.613994 0.3412
0 0.582997 0.843234 0.578776 0.832682 0.602460 0.823209 0.606681 0.833760 0.1133
0 0.725239 0.810522 0.713016 0.796419 0.727318 0.784024 0.739540 0.798127 0.1367
0 0.507849 0.233578 0.479114 0.232272 0.480790 0.195416 0.509524 0.196722 0.0963
0 0.610026 0.256510 0.575521 0.256510 0.575521 0.203125 0.610026 0.203125 0.1484
0 0.904839 0.914378 0.876744 0.888837 0.883284 0.881643 0.911379 0.907184 0.1638
0 0.292351 0.251219 0.269141 0.196094 0.298304 0.183814 0.321515 0.238940 0.0689
0 0.709240 0.786991 0.683304 0.784559 0.687768 0.736943 0.713704 0.739375 0.0862
0 0.670309 0.805057 0.646016 0.797582 0.660290 0.751193 0.684583 0.758668 0.2364
0 0.546249 0.695838 0.532602 0.693109 0.536483 0.673703 0.550130 0.676432 0.0553
0 0.483494 0.278378 0.473935 0.267226 0.489108 0.254220 0.498667 0.265372 0.0820
