0 0.160121 0.070101 0.157042 0.051626 0.213419 0.042230 0.216498 0.060705 0.1261
0 0.218722 0.124645 0.173872 0.108816 0.190988 0.060323 0.235837 0.076152 0.0671
0 0.944661 0.498698 0.912760 0.498698 0.912760 0.475260 0.944661 0.475260 0.1271
0 0.210083 0.443101 0.163326 0.421021 0.178926 0.387987 0.225683 0.410066 0.0540
0 0.629557 0.320964 0.567708 0.320964 0.567708 0.292318 0.629557 0.292318 0.0635
0 0.563151 0.524089 0.406901 0.524089 0.406901 0.488932 0.563151 0.488932 0.1592
0 0.155599 0.079427 0.124349 0.079427 0.124349 0.059896 0.155599 0.059896 0.1049
0 0.913599 0.498834 0.912965 0.478570 0.943250 0.477624 0.943883 0.497888 0.0786
0 0.563151 0.518880 0.486328 0.518880 0.486328 0.490885 0.563151 0.490885 0.0815
0 0.428385 0.401693 0.358073 0.401693 0.358073 0.380859 0.428385 0.380859 0.0847
0 0.121745 0.549479 0.000000 0.549479 0.000000 0.436198 0.121745 0.436198 0.1020
0 0.945177 0.187422 0.942429 0.146199 0.970775 0.144309 0.973523 0.185532 0.0747
0 0.672376 0.324708 0.639928 0.323410 0.640744 0.303026 0.673192 0.304323 0.0916
0 0.187500 0.173177 0.153646 0.173177 0.153646 0.100260 0.187500 0.100260 0.0847
0 0.564453 0.522135 0.485026 0.522135 0.485026 0.488932 0.564453 0.488932 0.0816
0 0.985677 0.441406 0.935547 0.441406 0.935547 0.421224 0.985677 0.421224 0.1009
0 0.219401 0.148438 0.191406 0.120443 0.222005 0.089844 0.250000 0.117839 0.0645
0 0.444379 0.526181 0.402514 0.522692 0.405442 0.487563 0.447306 0.491052 0.1042
0 0.160957 0.072749 0.150579 0.048717 0.209530 0.023261 0.219907 0.047293 0.1134
0 0.879236 0.507686 0.878624 0.477698 0.943276 0.476378 0.943888 0.506367 0.5696
0 0.253255 0.156250 0.176432 0.156250 0.176432 0.072917 0.253255 0.072917 0.0621
0 0.161930 0.080550 0.149197 0.049355 0.210585 0.024299 0.223318 0.055494 0.0542
0 0.037760 0.563151 0.032552 0.563151 0.032552 0.561198 0.037760 0.561198 0.0526
0 0.370443 0.524089 0.248698 0.524089 0.248698 0.490234 0.370443 0.490234 0.0677
0 0.185547 0.549479 0.121745 0.549479 0.121745 0.496094 0.185547 0.496094 0.5471
0 0.160133 0.068147 0.150856 0.047853 0.209722 0.020942 0.219000 0.041236 0.0879
0 0.370443 0.524740 0.247396 0.524740 0.247396 0.489583 0.370443 0.489583 0.8226
0 0.098923 0.446203 0.097606 0.406686 0.117527 0.406022 0.118844 0.445539 0.0636
0 0.563802 0.526042 0.406250 0.526042 0.406250 0.488281 0.563802 0.488281 0.0849
0 0.879887 0.508324 0.879275 0.478335 0.943276 0.477029 0.943888 0.507018 0.0805
0 0.191818 0.172330 0.190499 0.154185 0.246994 0.150077 0.248314 0.168222 0.1281
0 0.359375 0.356120 0.336589 0.356120 0.336589 0.337240 0.359375 0.337240 0.0700
0 0.168716 0.177186 0.132371 0.105478 0.213190 0.064516 0.249535 0.136223 0.0515
0 0.931619 0.510322 0.906045 0.494338 0.915445 0.479298 0.941019 0.495282 0.0765
0 0.119141 0.550130 0.000000 0.550130 0.000000 0.497396 0.119141 0.497396 0.3675
0 0.406386 0.525071 0.405973 0.490369 0.562348 0.488508 0.562761 0.523210 0.0561
0 0.166509 0.358614 0.127437 0.357817 0.128638 0.298955 0.167711 0.299753 0.0736
0 0.107749 0.283409 0.091499 0.281258 0.099147 0.223476 0.115397 0.225627 0.1331
0 0.110610 0.063558 0.106900 0.042783 0.141962 0.036522 0.145672 0.057297 0.0740
0 0.007583 0.222786 0.006225 0.165759 0.089047 0.163787 0.090404 0.220814 0.0507
0 0.481771 0.523438 0.404948 0.523438 0.404948 0.489583 0.481771 0.489583 0.0614
0 0.944010 0.499349 0.913411 0.499349 0.913411 0.476562 0.944010 0.476562 0.0861
0 0.190708 0.122430 0.170038 0.093811 0.208071 0.066343 0.228740 0.094962 0.1046
0 0.770182 0.433594 0.736979 0.433594 0.736979 0.397135 0.770182 0.397135 0.0680
0 0.369792 0.524089 0.248047 0.524089 0.248047 0.490234 0.369792 0.490234 0.1548
0 0.562500 0.524740 0.407552 0.524740 0.407552 0.489583 0.562500 0.489583 0.0633
0 0.482574 0.521852 0.482094 0.493989 0.562271 0.492607 0.562752 0.520470 0.0606
0 0.288747 0.363197 0.286311 0.344115 0.356968 0.335095 0.359404 0.354177 0.1218
0 0.109831 0.063710 0.108323 0.040327 0.142831 0.038101 0.144340 0.061483 0.0803
0 0.326474 0.498201 0.294271 0.485677 0.304277 0.459946 0.336480 0.472469 0.0581
0 0.370443 0.521484 0.315755 0.521484 0.315755 0.490885 0.370443 0.490885 0.5112
0 0.179492 0.155465 0.152326 0.091430 0.219538 0.062915 0.246704 0.126951 0.0654
0 0.272461 0.560221 0.269206 0.556966 0.274089 0.552083 0.277344 0.555339 0.0533
0 0.140301 0.073835 0.135565 0.047314 0.211276 0.033794 0.216011 0.060315 0.0523
0 0.911458 0.501953 0.877604 0.501953 0.877604 0.477865 0.911458 0.477865 0.0542
0 0.632686 0.177139 0.626530 0.155250 0.673042 0.142169 0.679198 0.164058 0.0605
0 0.437500 0.318359 0.404297 0.318359 0.404297 0.294271 0.437500 0.294271 0.0589
0 0.105928 0.504320 0.000000 0.503191 0.000516 0.433876 0.106666 0.435006 0.0933
0 0.408340 0.522374 0.408035 0.490021 0.563031 0.488559 0.563336 0.520912 0.1016
0 0.198184 0.158788 0.177809 0.126529 0.231869 0.092386 0.252243 0.124645 0.1066
0 0.338587 0.356008 0.337105 0.338227 0.358872 0.336413 0.360354 0.354194 0.0848
0 0.000000 0.551452 0.000000 0.496061 0.186107 0.495251 0.186347 0.550642 0.0596
0 0.000000 0.550795 0.000000 0.496696 0.184832 0.495912 0.185061 0.550011 0.4954
0 0.440220 0.526183 0.402060 0.522367 0.405554 0.487430 0.443714 0.491246 0.0721
0 0.912109 0.505208 0.878255 0.505208 0.878255 0.477865 0.912109 0.477865 0.3305
0 0.186423 0.154292 0.179869 0.074005 0.240966 0.069017 0.247520 0.149304 0.0770
0 0.920147 0.190646 0.916356 0.137578 0.937130 0.136094 0.940921 0.189162 0.1130
0 0.450341 0.523248 0.449327 0.492835 0.562114 0.489075 0.563128 0.519489 0.1089
0 0.368490 0.522135 0.319661 0.522135 0.319661 0.502604 0.368490 0.502604 0.0510
0 0.944661 0.498698 0.914062 0.498698 0.914062 0.475260 0.944661 0.475260 0.2565
0 0.564453 0.526042 0.405599 0.526042 0.405599 0.488281 0.564453 0.488281 0.8744
0 0.320964 0.330729 0.289714 0.330729 0.289714 0.298828 0.320964 0.298828 0.0754
0 0.123560 0.554281 0.118162 0.512894 0.179894 0.504842 0.185293 0.546229 0.0778
0 0.174189 0.180401 0.128044 0.135614 0.203417 0.057958 0.249561 0.102745 0.0520
0 0.563802 0.521484 0.485026 0.521484 0.485026 0.489583 0.563802 0.489583 0.0873
0 0.192758 0.158970 0.191004 0.137482 0.252800 0.132438 0.254554 0.153925 0.1224
0 0.089193 0.186198 0.029297 0.186198 0.029297 0.164062 0.089193 0.164062 0.1051
0 0.542969 0.523438 0.406250 0.523438 0.406250 0.490234 0.542969 0.490234 0.0809
0 0.567977 0.342173 0.537075 0.340457 0.539792 0.291563 0.570693 0.293279 0.0552
0 0.563151 0.526042 0.406250 0.526042 0.406250 0.488932 0.563151 0.488932 0.0930
0 0.185547 0.548828 0.121745 0.548828 0.121745 0.496094 0.185547 0.496094 0.0862
0 0.564453 0.519531 0.488281 0.519531 0.488281 0.489583 0.564453 0.489583 0.1078
0 0.190844 0.157578 0.156511 0.094334 0.214109 0.063066 0.248442 0.126311 0.0580
0 0.632442 0.176835 0.626553 0.154751 0.673598 0.142205 0.679488 0.164289 0.0715
0 0.195312 0.467448 0.171875 0.467448 0.171875 0.449870 0.195312 0.449870 0.0657
0 0.201864 0.150835 0.168301 0.087152 0.216044 0.061990 0.249607 0.125673 0.0611
0 0.475911 0.079427 0.446615 0.079427 0.446615 0.037109 0.475911 0.037109 0.0696
0 0.944661 0.498047 0.915365 0.498047 0.915365 0.476562 0.944661 0.476562 0.0849
0 0.185351 0.150803 0.183829 0.073193 0.242630 0.072040 0.244152 0.149650 0.0724
0 0.313802 0.526042 0.246745 0.526042 0.246745 0.490885 0.313802 0.490885 0.4280
0 0.338243 0.356088 0.336631 0.338360 0.358937 0.336332 0.360549 0.354060 0.0867
