0 0.857974 0.035795 0.841394 0.014338 0.850733 0.007122 0.867313 0.028578 0.5210
0 0.724609 0.435547 0.707422 0.429818 0.715885 0.404427 0.733073 0.410156 0.0667
0 0.734463 0.054935 0.726156 0.031674 0.732878 0.029273 0.741186 0.052534 0.0736
0 0.736003 0.059570 0.721029 0.044596 0.726237 0.039388 0.741211 0.054362 0.0564
0 0.732747 0.060872 0.721029 0.049154 0.725260 0.044922 0.736979 0.056641 0.1064
0 0.725260 0.054688 0.722771 0.044730 0.726601 0.043773 0.729090 0.053730 0.0759
0 0.862630 0.033854 0.852214 0.033854 0.852214 0.018880 0.862630 0.018880 0.1993
0 0.849609 0.024740 0.837565 0.012695 0.842773 0.007487 0.854818 0.019531 0.0546
0 0.959421 0.018574 0.951836 0.007738 0.964638 0.000000 0.972224 0.009613 0.1718
0 0.732352 0.059936 0.722015 0.041847 0.728676 0.038041 0.739012 0.056130 0.0687
0 0.724957 0.436254 0.708535 0.429216 0.719682 0.403208 0.736104 0.410246 0.0574
0 0.721334 0.061535 0.705301 0.034050 0.711939 0.030177 0.727972 0.057663 0.2081
0 0.947700 0.084390 0.928845 0.074334 0.936018 0.060885 0.954873 0.070941 0.0553
0 0.708984 0.040365 0.706993 0.032399 0.710823 0.031441 0.712814 0.039407 0.0709
0 0.724587 0.065068 0.703351 0.030560 0.723765 0.017997 0.745001 0.052505 0.0889
0 0.722188 0.436054 0.706072 0.428470 0.718407 0.402259 0.734523 0.409843 0.0580
0 0.722580 0.062155 0.705633 0.033912 0.712527 0.029776 0.729473 0.058019 0.7234
0 0.736003 0.059570 0.720378 0.043945 0.725586 0.038737 0.741211 0.054362 0.0574
0 0.852865 0.027344 0.838867 0.013346 0.845378 0.006836 0.859375 0.020833 0.1086
0 0.800605 0.069908 0.799004 0.060301 0.802488 0.059720 0.804089 0.069327 0.0854
0 0.947937 0.085167 0.928608 0.074859 0.935240 0.062423 0.954569 0.072732 0.0567
0 0.815755 0.072917 0.809896 0.072917 0.809896 0.061849 0.815755 0.061849 0.1172
0 0.049158 0.338069 0.032124 0.319900 0.038296 0.314113 0.055330 0.332283 0.0528
0 0.972005 0.009115 0.962891 0.009115 0.962891 0.000000 0.972005 0.000000 0.0580
0 0.946074 0.083303 0.930158 0.074209 0.935246 0.065305 0.951162 0.074399 0.1692
0 0.960938 0.016276 0.958203 0.008073 0.970313 0.004036 0.973047 0.012240 0.0639
0 0.850260 0.024089 0.837478 0.013862 0.842369 0.007749 0.855151 0.017975 0.0709
0 0.947556 0.084660 0.928735 0.074622 0.935781 0.061410 0.954603 0.071448 0.0643
0 0.811914 0.071159 0.808789 0.061784 0.814844 0.059766 0.817969 0.069141 0.0880
0 0.724766 0.065358 0.703418 0.030669 0.723833 0.018106 0.745180 0.052796 0.0529
0 0.947917 0.083984 0.930396 0.073472 0.937059 0.062366 0.954580 0.072878 0.0624
0 0.758464 0.063151 0.757812 0.063151 0.757812 0.058594 0.758464 0.058594 0.0661
0 0.733554 0.059956 0.714869 0.035932 0.721134 0.031060 0.739819 0.055083 0.0946
0 0.967448 0.017578 0.952474 0.017578 0.952474 0.004557 0.967448 0.004557 0.0562
0 0.725561 0.060998 0.711739 0.040264 0.719551 0.035056 0.733373 0.055789 0.1332
0 0.968099 0.013672 0.953776 0.013672 0.953776 0.000000 0.968099 0.000000 0.1011
0 0.947823 0.084739 0.928709 0.074620 0.935978 0.060890 0.955092 0.071009 0.0576
0 0.962035 0.016938 0.953006 0.008812 0.963851 0.000000 0.972879 0.004888 0.1058
0 0.719459 0.035342 0.715509 0.022701 0.721922 0.020697 0.725872 0.033338 0.0951
0 0.718424 0.685872 0.711263 0.678711 0.716471 0.673503 0.723633 0.680664 0.0653
0 0.724387 0.060667 0.706897 0.033917 0.714650 0.028848 0.732141 0.055598 0.1135
0 0.812481 0.073817 0.796588 0.064281 0.802045 0.055185 0.817938 0.064721 0.1774
0 0.729150 0.047987 0.713771 0.022996 0.723542 0.016983 0.738921 0.041974 0.1336
0 0.735272 0.058119 0.734005 0.050517 0.737701 0.049901 0.738968 0.057503 0.0587
0 0.811849 0.074219 0.810547 0.072917 0.812500 0.070964 0.813802 0.072266 0.0576
0 0.947917 0.082682 0.928980 0.076054 0.938348 0.049288 0.957285 0.055916 0.0585
0 0.862630 0.033854 0.852865 0.033854 0.852865 0.020182 0.862630 0.020182 0.1399
0 0.812481 0.070064 0.807541 0.061830 0.814243 0.057809 0.819183 0.066042 0.0805
0 0.724594 0.065403 0.703528 0.029854 0.724229 0.017587 0.745295 0.053136 0.1080
0 0.049805 0.336263 0.041016 0.327474 0.045247 0.323242 0.054036 0.332031 0.0525
0 0.850586 0.025065 0.838867 0.013346 0.845052 0.007161 0.856771 0.018880 0.0687
0 0.800744 0.069207 0.798116 0.060006 0.801899 0.058925 0.804528 0.068126 0.0715
0 0.806966 0.075846 0.805339 0.070964 0.812956 0.068424 0.814583 0.073307 0.1534
0 0.964974 0.015234 0.961328 0.012500 0.967734 0.003958 0.971380 0.006693 0.0574
0 0.723451 0.062438 0.706428 0.033400 0.717505 0.026906 0.734528 0.055945 0.0804
0 0.969401 0.013021 0.955078 0.013021 0.955078 0.000000 0.969401 0.000000 0.0901
0 0.725065 0.435800 0.709232 0.428349 0.721788 0.401667 0.737621 0.409118 0.0562
0 0.735756 0.058444 0.712310 0.025619 0.722841 0.018097 0.746287 0.050922 0.2767
0 0.960021 0.018074 0.952098 0.007888 0.964268 0.000000 0.972190 0.008609 0.1976
0 0.735627 0.058844 0.712790 0.024589 0.722857 0.017879 0.745693 0.052133 0.7957
0 0.810600 0.076759 0.796192 0.064752 0.802702 0.056939 0.817111 0.068946 0.2364
0 0.719727 0.026367 0.717773 0.024414 0.719076 0.023112 0.721029 0.025065 0.0699
0 0.736068 0.057422 0.730208 0.045703 0.736458 0.042578 0.742318 0.054297 0.0936
0 0.814678 0.069100 0.797840 0.062365 0.801298 0.053722 0.818135 0.060457 0.0811
0 0.802214 0.068620 0.797135 0.058464 0.805729 0.054167 0.810807 0.064323 0.1201
0 0.946862 0.082522 0.930332 0.072798 0.937445 0.060706 0.953975 0.070430 0.0728
0 0.810547 0.076823 0.796550 0.062825 0.804037 0.055339 0.818034 0.069336 0.7023
0 0.812500 0.073568 0.805339 0.073568 0.805339 0.072917 0.812500 0.072917 0.0733
