0 0.232931 1.000000 0.199715 0.992836 0.214212 0.938875 0.247427 0.947799 0.1133
0 0.244843 0.699249 0.241536 0.686849 0.253693 0.683607 0.256999 0.696007 0.1751
0 0.244056 1.000000 0.203523 0.993650 0.215870 0.938090 0.256403 0.947097 0.1063
0 0.213672 0.643620 0.205078 0.639323 0.208203 0.633073 0.216797 0.637370 0.1115
0 0.274089 0.973307 0.259766 0.973307 0.259766 0.951172 0.274089 0.951172 0.0715
0 0.030183 0.383859 0.000000 0.335497 0.009786 0.322105 0.047401 0.370468 0.8790
0 0.255617 0.679626 0.232751 0.659878 0.236015 0.656098 0.258881 0.675846 0.0656
0 0.967288 0.190154 0.930647 0.172654 0.985049 0.058750 1.000000 0.076251 0.0906
0 0.532991 0.372648 0.491713 0.358359 0.511977 0.299819 0.553255 0.314107 0.0609
0 0.956644 0.532114 0.924269 0.522671 0.931641 0.497396 0.964016 0.506839 0.0773
0 0.247325 0.999120 0.204462 0.991976 0.213489 0.937817 0.256352 0.944961 0.1284
0 0.231182 1.000000 0.200336 0.994141 0.211976 0.938436 0.242822 0.944881 0.0600
0 0.585946 0.579154 0.577386 0.573040 0.581785 0.566881 0.590345 0.572996 0.1229
0 0.213141 0.643830 0.205328 0.638622 0.209535 0.632312 0.217348 0.637520 0.1002
0 0.212277 0.996674 0.206946 0.945142 0.245395 0.941164 0.250726 0.992696 0.1232
0 0.246340 1.000000 0.203794 0.995337 0.213207 0.938855 0.255754 0.945946 0.2369
0 0.171901 0.871562 0.150664 0.868529 0.151875 0.860052 0.173112 0.863086 0.1368
0 0.468424 0.672852 0.460938 0.665365 0.474609 0.651693 0.482096 0.659180 0.0584
0 0.251934 0.701742 0.237673 0.698386 0.240883 0.684742 0.255144 0.688098 0.0747
0 0.252984 0.963022 0.212646 0.949059 0.219712 0.928644 0.260051 0.942607 0.0634
0 0.536436 0.617552 0.502875 0.615455 0.504251 0.593446 0.537811 0.595544 0.0513
0 0.018299 0.384199 0.008720 0.342689 0.025884 0.338728 0.035463 0.380238 0.0559
0 0.734065 0.647913 0.699115 0.645224 0.700325 0.629492 0.735275 0.632181 0.1300
0 0.244654 0.702313 0.203060 0.672795 0.212278 0.659806 0.253872 0.689324 0.1631
0 0.054331 0.997262 0.037707 0.991028 0.040382 0.983893 0.057006 0.990127 0.1177
0 0.207219 0.656460 0.205304 0.634435 0.218901 0.633252 0.220817 0.655278 0.1000
0 0.246387 1.000000 0.207077 0.998262 0.210923 0.943131 0.250233 0.945874 0.0975
0 0.190196 0.879144 0.167930 0.874196 0.170060 0.864614 0.192325 0.869562 0.0921
0 0.744645 0.110650 0.697615 0.093720 0.719036 0.034217 0.766066 0.051148 0.0501
0 0.248698 0.701823 0.242839 0.695964 0.252604 0.686198 0.258464 0.692057 0.0607
0 0.735026 0.647135 0.716146 0.647135 0.716146 0.631510 0.735026 0.631510 0.0825
0 0.240584 0.699759 0.208349 0.673971 0.216098 0.664285 0.248333 0.690073 0.2108
0 0.274089 0.966797 0.263021 0.966797 0.263021 0.951172 0.274089 0.951172 0.1481
0 0.275391 0.972656 0.259766 0.972656 0.259766 0.950521 0.275391 0.950521 0.0509
0 0.464974 0.673438 0.459896 0.663281 0.475521 0.655469 0.480599 0.665625 0.0614
0 0.233174 1.000000 0.198376 0.993355 0.212750 0.938256 0.247548 0.947334 0.0566
0 0.248981 0.675462 0.225868 0.658572 0.230341 0.652451 0.253454 0.669341 0.1234
0 0.241615 0.700417 0.219219 0.683620 0.226797 0.673516 0.249193 0.690313 0.1582
0 0.255993 0.685524 0.227199 0.658376 0.232761 0.652477 0.261554 0.679625 0.4490
0 0.054277 0.996754 0.037867 0.990600 0.040382 0.983893 0.056792 0.990047 0.1037
0 0.256548 0.697023 0.235642 0.696152 0.236329 0.679660 0.257235 0.680531 0.1826
0 0.029108 0.382934 0.000000 0.335132 0.010439 0.322621 0.045949 0.370424 0.1924
0 0.244531 0.700000 0.235156 0.681250 0.247396 0.675130 0.256771 0.693880 0.1635
0 0.233010 1.000000 0.199082 0.993281 0.213586 0.938488 0.247514 0.947469 0.0706
0 0.954647 0.528017 0.931208 0.509905 0.942605 0.495156 0.966044 0.513268 0.0636
0 0.241771 0.700208 0.206875 0.674037 0.213828 0.664766 0.248724 0.690938 0.7247
0 0.252604 0.999349 0.208984 0.999349 0.208984 0.944661 0.252604 0.944661 0.1309
0 0.254150 0.687806 0.225904 0.658753 0.233072 0.651784 0.261317 0.680837 0.1914
0 0.253080 0.689413 0.223313 0.657992 0.232143 0.649626 0.261911 0.681048 0.1897
0 0.189874 0.879174 0.163833 0.872664 0.166207 0.863166 0.192249 0.869677 0.1471
0 0.190679 0.879213 0.169386 0.873890 0.171875 0.863932 0.193168 0.869256 0.0515
0 0.434961 0.424284 0.426172 0.421354 0.433138 0.400456 0.441927 0.403385 0.0972
0 0.189489 0.879896 0.168441 0.872003 0.172214 0.861943 0.193261 0.869836 0.0920
0 0.256172 0.682203 0.230474 0.659588 0.234710 0.654774 0.260408 0.677389 0.1128
0 0.255859 0.999349 0.208333 0.999349 0.208333 0.938802 0.255859 0.938802 0.0541
0 0.031380 0.385677 0.023437 0.369792 0.029167 0.366927 0.037109 0.382813 0.0521
0 0.244801 1.000000 0.201923 0.997280 0.210444 0.938695 0.253322 0.944932 0.0542
0 0.246860 1.000000 0.207058 0.998112 0.211092 0.942990 0.250894 0.945902 0.1130
0 0.707357 0.648112 0.694010 0.634766 0.704102 0.624674 0.717448 0.638021 0.0619
0 0.234265 0.985183 0.202979 0.972520 0.218375 0.934481 0.249662 0.947144 0.0794
0 0.470111 0.670563 0.462891 0.665365 0.474832 0.648780 0.482052 0.653979 0.0534
0 0.274740 0.972656 0.260417 0.972656 0.260417 0.951172 0.274740 0.951172 0.0721
0 0.985121 0.473499 0.932927 0.448089 0.964706 0.382814 1.000000 0.408224 0.0885
0 0.274740 0.972005 0.259766 0.972005 0.259766 0.951172 0.274740 0.951172 0.0756
0 0.250615 1.000000 0.206811 0.998083 0.211580 0.940863 0.255383 0.944513 0.0818
0 0.183274 0.877420 0.149568 0.867789 0.152467 0.857643 0.186173 0.867273 0.1159
0 0.253072 0.966715 0.236934 0.947070 0.248250 0.937775 0.264387 0.957420 0.0540
0 0.257061 0.695162 0.245418 0.692833 0.248598 0.676933 0.260241 0.679262 0.0899
0 0.470052 0.673828 0.461589 0.665365 0.473307 0.653646 0.481771 0.662109 0.0588
0 0.245531 0.696877 0.225928 0.656853 0.242377 0.648797 0.261980 0.688820 0.3131
0 0.248047 0.701823 0.241862 0.695638 0.251302 0.686198 0.257487 0.692383 0.0764
0 0.028008 0.382253 0.000000 0.333638 0.010771 0.322271 0.044427 0.370885 0.1179
0 0.274089 0.966797 0.263021 0.966797 0.263021 0.951172 0.274089 0.951172 0.1425
0 0.464844 0.459635 0.454427 0.459635 0.454427 0.445312 0.464844 0.445312 0.0540
0 0.936131 0.354850 0.917660 0.343905 0.935088 0.314495 0.953559 0.325440 0.0637
0 0.477977 0.667047 0.462848 0.665966 0.463651 0.654723 0.478780 0.655804 0.0595
0 0.188937 0.879410 0.150415 0.868403 0.153486 0.857655 0.192008 0.868661 0.5017
0 0.235051 1.000000 0.197407 0.985683 0.214144 0.955557 0.251787 0.976470 0.0877
0 0.247036 0.996480 0.207382 0.994591 0.209934 0.940986 0.249589 0.942875 0.1085
0 0.427122 0.085440 0.421377 0.062462 0.452014 0.054802 0.457759 0.077780 0.0630
0 0.246117 1.000000 0.202215 0.997224 0.211559 0.938823 0.255461 0.945848 0.0581
0 0.714193 0.645833 0.695052 0.639453 0.699675 0.625586 0.718815 0.631966 0.0641
0 0.666891 0.651636 0.612391 0.644369 0.615638 0.620019 0.670138 0.627286 0.0530
