0 0.237240 0.866667 0.232292 0.851823 0.249284 0.846159 0.254232 0.861003 0.1032
0 0.309601 0.953112 0.305520 0.943930 0.322977 0.936171 0.327058 0.945353 0.0921
0 0.301870 0.625907 0.298524 0.589102 0.316428 0.587474 0.319774 0.624280 0.0685
0 0.248568 0.958594 0.244662 0.946875 0.280013 0.935091 0.283919 0.946810 0.3898
0 0.246890 0.958308 0.241924 0.948022 0.268760 0.935066 0.273726 0.945353 0.1046
0 0.246745 0.999349 0.228516 0.999349 0.228516 0.979167 0.246745 0.979167 0.3877
0 0.339916 0.963186 0.338794 0.948598 0.366774 0.946446 0.367896 0.961033 0.2105
0 0.226562 0.999349 0.201172 0.999349 0.201172 0.981120 0.226562 0.981120 0.3755
0 0.323859 0.933402 0.290966 0.926674 0.292271 0.920297 0.325163 0.927025 0.1777
0 0.402087 0.955139 0.401362 0.944250 0.420979 0.942942 0.421705 0.953831 0.2418
0 0.328776 0.617188 0.306991 0.602664 0.319912 0.583283 0.341697 0.597807 0.0672
0 0.853173 0.200589 0.851773 0.164793 0.999050 0.159033 1.000000 0.194829 0.3680
0 0.502796 0.758579 0.493451 0.721201 0.519340 0.714729 0.528684 0.752106 0.1311
0 0.235677 0.959635 0.218750 0.959635 0.218750 0.945312 0.235677 0.945312 0.0788
0 0.331420 0.614818 0.302305 0.601878 0.312238 0.579528 0.341354 0.592468 0.0663
0 0.329326 0.960051 0.326531 0.953529 0.338396 0.948444 0.341191 0.954966 0.0529
0 0.170413 0.801850 0.164787 0.782159 0.205545 0.770514 0.211171 0.790205 0.1039
0 0.649740 0.643229 0.625651 0.643229 0.625651 0.630208 0.649740 0.630208 0.0581
0 0.248054 0.955823 0.245100 0.943713 0.286211 0.933686 0.289165 0.945796 0.0949
0 0.297526 0.901693 0.258464 0.901693 0.258464 0.889974 0.297526 0.889974 0.1190
0 0.274089 0.973307 0.272526 0.970182 0.278255 0.967318 0.279818 0.970443 0.0541
0 0.501050 0.814011 0.492447 0.776733 0.544084 0.764817 0.552687 0.802094 0.0558
0 0.225911 0.999349 0.200521 0.999349 0.200521 0.983073 0.225911 0.983073 0.1713
0 0.302344 0.956511 0.276823 0.943750 0.284635 0.928125 0.310156 0.940886 0.1954
0 0.246745 0.999349 0.230469 0.999349 0.230469 0.979167 0.246745 0.979167 0.1238
0 0.286458 0.961589 0.270833 0.945964 0.283529 0.933268 0.299154 0.948893 0.0847
0 0.248038 0.960676 0.243160 0.946484 0.283826 0.932505 0.288704 0.946697 0.1817
0 0.032034 0.886400 0.031598 0.874625 0.068656 0.873253 0.069092 0.885028 0.1106
0 0.325339 0.966823 0.323633 0.954883 0.340404 0.952487 0.342109 0.964427 0.1577
0 0.295293 0.929651 0.274561 0.910349 0.299741 0.883303 0.320473 0.902606 0.0914
0 0.032046 0.886427 0.031532 0.873583 0.067932 0.872127 0.068446 0.884971 0.1130
0 0.278430 0.927630 0.269798 0.907776 0.299127 0.895024 0.307759 0.914878 0.1683
0 0.225911 0.999349 0.200521 0.999349 0.200521 0.981771 0.225911 0.981771 0.2914
0 0.304718 0.627813 0.295943 0.593968 0.314560 0.589141 0.323335 0.622987 0.0760
0 0.281250 0.981120 0.278070 0.965219 0.318885 0.957056 0.322065 0.972957 0.7632
0 0.870443 0.867839 0.844401 0.867839 0.844401 0.830729 0.870443 0.830729 0.1071
0 0.852997 0.199253 0.850678 0.164469 0.925303 0.159494 0.927622 0.194278 0.0665
0 0.327226 0.969000 0.324007 0.955319 0.361311 0.946542 0.364530 0.960222 0.2189
0 0.252090 0.954058 0.250474 0.943020 0.288298 0.937485 0.289913 0.948523 0.1821
0 0.343585 0.964326 0.342197 0.949064 0.366617 0.946844 0.368004 0.962106 0.1736
0 0.245443 0.999349 0.201172 0.999349 0.201172 0.979818 0.245443 0.979818 0.6278
0 0.295573 0.899740 0.258464 0.899740 0.258464 0.888021 0.295573 0.888021 0.4860
0 0.289518 0.945647 0.275215 0.944693 0.276264 0.928965 0.290566 0.929918 0.1347
0 0.278977 0.929346 0.269412 0.908475 0.301693 0.893679 0.311259 0.914550 0.1404
0 0.339193 0.964844 0.322917 0.964844 0.322917 0.952474 0.339193 0.952474 0.0709
0 0.248177 0.958073 0.244466 0.946940 0.271224 0.938021 0.274935 0.949154 0.2228
0 0.322516 0.949718 0.285552 0.948177 0.286285 0.930603 0.323248 0.932143 0.2989
0 0.507494 0.760067 0.488942 0.727086 0.515834 0.711959 0.534386 0.744940 0.0517
0 0.548694 0.780250 0.536129 0.774666 0.554090 0.734254 0.566655 0.739838 0.1104
0 0.339844 0.500651 0.332422 0.478385 0.390820 0.458919 0.398242 0.481185 0.1275
0 0.249111 0.955781 0.246874 0.941401 0.294224 0.934035 0.296461 0.948415 0.0803
0 0.238907 0.995942 0.232287 0.980812 0.242123 0.976509 0.248743 0.991639 0.0525
0 0.303790 0.626382 0.297808 0.591488 0.314342 0.588654 0.320324 0.623547 0.0894
0 0.323899 0.947505 0.286867 0.945036 0.288242 0.924425 0.325273 0.926893 0.1447
0 0.229818 0.972656 0.216296 0.969952 0.221329 0.944787 0.234851 0.947491 0.0588
0 0.337935 0.498969 0.331517 0.478432 0.391088 0.459816 0.397506 0.480353 0.0507
0 0.234375 0.958984 0.218750 0.958984 0.218750 0.945964 0.234375 0.945964 0.4439
0 0.305993 0.628104 0.295379 0.593609 0.319535 0.586177 0.330149 0.620671 0.0994
0 0.300130 0.977214 0.278646 0.977214 0.278646 0.962891 0.300130 0.962891 0.2699
0 0.341146 0.965495 0.322917 0.965495 0.322917 0.953125 0.341146 0.953125 0.0690
0 0.514941 0.818183 0.487816 0.796274 0.527766 0.746811 0.554892 0.768720 0.0501
0 0.323915 0.949525 0.280951 0.946840 0.282403 0.923615 0.325366 0.926301 0.6788
0 0.317057 0.979167 0.277995 0.979167 0.277995 0.963542 0.317057 0.963542 0.0713
0 0.867092 0.862670 0.842848 0.860938 0.845069 0.829847 0.869312 0.831578 0.0574
0 0.290675 0.930585 0.273337 0.910037 0.304094 0.884086 0.321431 0.904634 0.0872
0 0.300027 0.978245 0.294705 0.964275 0.317528 0.955581 0.322850 0.969551 0.1643
0 0.278801 0.928265 0.269566 0.907276 0.300111 0.893837 0.309346 0.914825 0.1455
0 0.327506 0.617271 0.305926 0.597489 0.321492 0.580508 0.343072 0.600290 0.0679
0 0.245443 0.999349 0.203125 0.999349 0.203125 0.979818 0.245443 0.979818 0.2591
0 0.225718 1.000000 0.222938 0.984111 0.232017 0.982598 0.234797 0.999279 0.2290
0 0.033679 0.886493 0.025265 0.844426 0.042293 0.841021 0.050706 0.883088 0.2855
0 0.325899 0.967354 0.323789 0.951533 0.366306 0.945864 0.368416 0.961685 0.7948
0 0.316893 0.618093 0.307996 0.589624 0.330349 0.582638 0.339246 0.611108 0.0793
0 0.251967 0.949897 0.251481 0.926805 0.324736 0.925263 0.325222 0.948355 0.3420
0 0.231298 0.996048 0.230391 0.979713 0.246328 0.978828 0.247236 0.995162 0.0679
0 0.650391 0.643880 0.625000 0.643880 0.625000 0.629557 0.650391 0.629557 0.0640
0 0.327562 0.967976 0.324905 0.952034 0.366079 0.945172 0.368736 0.961114 0.2196
0 0.344401 0.965495 0.325521 0.965495 0.325521 0.953776 0.344401 0.953776 0.1117
0 0.320964 0.625651 0.301432 0.625651 0.301432 0.587891 0.320964 0.587891 0.0912
0 0.286540 0.936289 0.286307 0.924894 0.324716 0.924110 0.324949 0.935505 0.2864
0 0.244141 0.999349 0.221354 0.999349 0.221354 0.980469 0.244141 0.980469 0.0639
0 0.867827 0.864082 0.843233 0.862190 0.845780 0.829082 0.870374 0.830974 0.0574
0 0.333739 0.609220 0.302799 0.606126 0.304945 0.584661 0.335886 0.587755 0.0691
0 0.321117 0.614545 0.314300 0.587278 0.332376 0.582759 0.339193 0.610026 0.0799
0 0.344401 0.965495 0.324870 0.965495 0.324870 0.953125 0.344401 0.953125 0.2384
0 0.421224 0.954427 0.401042 0.954427 0.401042 0.944010 0.421224 0.944010 0.1353
0 0.300600 0.955425 0.294205 0.940077 0.321988 0.928501 0.328383 0.943849 0.1603
0 0.259438 0.902329 0.257782 0.890185 0.295028 0.885106 0.296684 0.897250 0.1806
0 0.295450 0.979388 0.291151 0.964340 0.318495 0.956528 0.322794 0.971575 0.2328
0 0.554119 0.772882 0.543071 0.769813 0.553434 0.732508 0.564481 0.735576 0.1724
0 0.324870 0.949219 0.256510 0.949219 0.256510 0.925781 0.324870 0.925781 0.0563
0 0.046305 0.900763 0.013020 0.861077 0.036186 0.841647 0.069471 0.881334 0.0590
0 0.327720 0.616328 0.306818 0.597167 0.321519 0.581130 0.342421 0.600290 0.0641
0 0.386766 0.316990 0.384286 0.303354 0.403594 0.299844 0.406073 0.313479 0.0529
0 0.367839 0.962240 0.345052 0.962240 0.345052 0.947266 0.367839 0.947266 0.0964
0 0.367188 0.958984 0.343099 0.958984 0.343099 0.947266 0.367188 0.947266 0.1079
0 0.246094 0.999349 0.229818 0.999349 0.229818 0.979167 0.246094 0.979167 0.4084
0 0.336589 0.612630 0.317057 0.612630 0.317057 0.587240 0.336589 0.587240 0.1013
0 0.506371 0.813809 0.494255 0.778566 0.542491 0.761985 0.554606 0.797229 0.0675
0 0.367839 0.960286 0.344401 0.960286 0.344401 0.947266 0.367839 0.947266 0.0762
0 0.298757 0.978025 0.295258 0.964615 0.318978 0.958427 0.322477 0.971837 0.2001
0 0.608724 0.706380 0.575521 0.706380 0.575521 0.680990 0.608724 0.680990 0.1213
0 0.953913 0.196081 0.946475 0.169518 0.996753 0.155441 1.000000 0.182004 0.0603
0 0.322917 0.948568 0.263021 0.948568 0.263021 0.930990 0.322917 0.930990 0.1525
0 0.293620 0.976562 0.278646 0.976562 0.278646 0.963542 0.293620 0.963542 0.1624
0 0.984528 0.884804 0.950368 0.876264 0.958295 0.844554 0.992456 0.853094 0.1129
0 0.279427 0.931250 0.268750 0.909896 0.304948 0.891797 0.315625 0.913151 0.0979
0 0.292969 0.975911 0.278646 0.975911 0.278646 0.963542 0.292969 0.963542 0.1659
