0 0.402344 0.928385 0.379557 0.928385 0.379557 0.914062 0.402344 0.914062 0.0566
0 0.247661 0.956326 0.235174 0.945227 0.262293 0.914718 0.274780 0.925817 0.1783
0 0.548047 0.968490 0.534896 0.942188 0.550000 0.934635 0.563151 0.960938 0.0831
0 0.464844 0.606120 0.439453 0.606120 0.439453 0.594401 0.464844 0.594401 0.1368
0 0.075209 0.869176 0.071490 0.859259 0.084832 0.854256 0.088551 0.864173 0.0508
0 0.466368 0.602768 0.439722 0.601288 0.440543 0.586504 0.467190 0.587985 0.0644
0 0.085286 0.889323 0.067708 0.889323 0.067708 0.874349 0.085286 0.874349 0.2477
0 0.310061 0.896126 0.308798 0.885601 0.330773 0.882963 0.332036 0.893489 0.0565
0 0.432501 0.933188 0.430093 0.932500 0.431641 0.927083 0.434048 0.927771 0.0525
0 0.456956 0.609100 0.440430 0.605794 0.441331 0.601287 0.457858 0.604592 0.1044
0 0.312562 0.908511 0.306258 0.899404 0.323625 0.887380 0.329930 0.896487 0.0737
0 0.562961 0.954180 0.560999 0.924753 0.583166 0.923275 0.585128 0.952702 0.1000
0 0.228715 0.173332 0.205513 0.167227 0.217320 0.122362 0.240521 0.128468 0.0798
0 0.499210 0.950138 0.489638 0.927313 0.507355 0.919883 0.516927 0.942708 0.1001
0 0.769658 0.711902 0.767713 0.704608 0.791823 0.698179 0.793768 0.705473 0.0517
0 0.362250 0.909075 0.310937 0.905868 0.312095 0.887345 0.363408 0.890552 0.1327
0 0.426284 0.960958 0.346972 0.946271 0.351678 0.920860 0.430990 0.935547 0.2236
0 0.045402 0.733765 0.037484 0.724363 0.053422 0.710941 0.061340 0.720343 0.0567
0 0.245003 0.954746 0.234586 0.943027 0.252568 0.927043 0.262985 0.938762 0.1372
0 0.262370 0.188802 0.251302 0.188802 0.251302 0.184896 0.262370 0.184896 0.0629
0 0.072459 0.821599 0.038765 0.817635 0.043315 0.778955 0.077010 0.782919 0.0742
0 0.261499 0.942408 0.249327 0.934801 0.261507 0.915313 0.273679 0.922921 0.1275
0 0.086589 0.861328 0.080078 0.861328 0.080078 0.847005 0.086589 0.847005 0.1096
0 0.530115 0.276958 0.523531 0.240750 0.557333 0.234604 0.563917 0.270813 0.0590
0 0.585938 0.954427 0.554036 0.954427 0.554036 0.921875 0.585938 0.921875 0.1935
0 0.178918 0.893814 0.128307 0.881400 0.133391 0.860672 0.184002 0.873086 0.0801
0 0.514281 0.945765 0.494152 0.942213 0.498569 0.917180 0.518699 0.920732 0.0949
0 0.301608 0.897361 0.299705 0.887845 0.326372 0.882512 0.328275 0.892027 0.1221
0 0.606120 0.763021 0.587891 0.763021 0.587891 0.744792 0.606120 0.744792 0.0935
0 0.546110 0.968361 0.530993 0.929986 0.548771 0.922982 0.563889 0.961357 0.0731
0 0.324219 0.896484 0.298177 0.896484 0.298177 0.886719 0.324219 0.886719 0.5599
0 0.560547 0.956380 0.539062 0.956380 0.539062 0.924479 0.560547 0.924479 0.0953
0 0.221354 0.813802 0.187500 0.813802 0.187500 0.783203 0.221354 0.783203 0.0897
0 0.073568 0.819010 0.041016 0.819010 0.041016 0.791016 0.073568 0.791016 0.0957
0 0.432918 0.938276 0.378706 0.927434 0.382287 0.909530 0.436498 0.920372 0.1887
0 0.546021 0.967646 0.532268 0.928885 0.556012 0.920460 0.569766 0.959220 0.0555
0 0.526693 0.945312 0.496094 0.945312 0.496094 0.917969 0.526693 0.917969 0.6145
0 0.247133 0.956600 0.234832 0.945528 0.262186 0.915134 0.274488 0.926206 0.8105
0 0.270737 0.261187 0.238358 0.257655 0.248255 0.166926 0.280635 0.170458 0.0555
0 0.438866 0.607342 0.437579 0.595767 0.461589 0.593099 0.462875 0.604675 0.1321
0 0.237465 0.904389 0.173645 0.898734 0.174789 0.885823 0.238609 0.891478 0.2465
0 0.246745 0.954427 0.235026 0.942708 0.253906 0.923828 0.265625 0.935547 0.0731
0 0.363281 0.908203 0.311198 0.908203 0.311198 0.895833 0.363281 0.895833 0.8121
0 0.606665 0.744123 0.590196 0.741378 0.595263 0.710973 0.611733 0.713718 0.0689
0 0.542457 0.966214 0.537129 0.926256 0.583740 0.920041 0.589068 0.959999 0.1506
0 0.465755 0.604948 0.446224 0.595182 0.451693 0.584245 0.471224 0.594011 0.0711
0 0.322733 0.899345 0.296439 0.897153 0.297414 0.885462 0.323707 0.887653 0.1203
0 0.344382 0.902798 0.327428 0.897811 0.330124 0.888647 0.347078 0.893633 0.0566
0 0.268880 0.937500 0.255208 0.937500 0.255208 0.919922 0.268880 0.919922 0.1325
0 0.215407 0.170450 0.204533 0.168637 0.206644 0.155968 0.217518 0.157781 0.0919
0 0.434245 0.933594 0.427083 0.933594 0.427083 0.925781 0.434245 0.925781 0.1120
0 0.708073 0.947786 0.688021 0.937760 0.699349 0.915104 0.719401 0.925130 0.1098
0 0.207789 0.169727 0.197238 0.147384 0.228335 0.132699 0.238886 0.155042 0.0696
0 0.363281 0.908854 0.315104 0.908854 0.315104 0.896484 0.363281 0.896484 0.0780
0 0.898958 0.651432 0.894922 0.643359 0.899610 0.641016 0.903646 0.649089 0.0721
0 0.246094 0.955729 0.234375 0.944010 0.260417 0.917969 0.272135 0.929688 0.1378
0 0.569659 0.295226 0.564803 0.258808 0.584505 0.256181 0.589360 0.292599 0.0523
0 0.084635 0.888672 0.067708 0.888672 0.067708 0.874349 0.084635 0.874349 0.1733
0 0.604921 0.764161 0.585828 0.761268 0.593198 0.712629 0.612291 0.715522 0.1121
0 0.198722 0.904438 0.172083 0.892598 0.176808 0.881967 0.203447 0.893806 0.1126
0 0.432330 0.939300 0.378715 0.925896 0.383234 0.907820 0.436849 0.921224 0.1291
0 0.570638 0.295247 0.563276 0.258438 0.584686 0.254157 0.592047 0.290966 0.0703
0 0.432790 0.938840 0.378194 0.926708 0.382131 0.908992 0.436726 0.921124 0.8787
0 0.074226 0.869432 0.065460 0.855656 0.083406 0.844236 0.092172 0.858012 0.0595
0 0.434245 0.935547 0.417969 0.935547 0.417969 0.920573 0.434245 0.920573 0.0911
0 0.828125 0.634115 0.811849 0.634115 0.811849 0.614583 0.828125 0.614583 0.1126
0 0.527344 0.942708 0.496745 0.942708 0.496745 0.918620 0.527344 0.918620 0.1077
0 0.463542 0.606120 0.438802 0.606120 0.438802 0.595052 0.463542 0.595052 0.6645
0 0.241667 0.953385 0.234115 0.938281 0.252604 0.929036 0.260156 0.944141 0.1123
0 0.469513 0.602909 0.450656 0.595366 0.454562 0.585601 0.473420 0.593144 0.0773
0 0.768744 0.711385 0.766895 0.702760 0.791883 0.697405 0.793731 0.706031 0.0875
0 0.238281 0.900391 0.197266 0.900391 0.197266 0.890625 0.238281 0.890625 0.1269
0 0.317578 0.609635 0.312956 0.595768 0.342448 0.585938 0.347070 0.599805 0.0512
0 0.245117 0.956055 0.233724 0.944662 0.252930 0.925456 0.264323 0.936849 0.0959
0 0.343750 0.599609 0.315755 0.599609 0.315755 0.585938 0.343750 0.585938 0.0515
