0 0.493058 0.855414 0.463270 0.792262 0.491485 0.778953 0.521273 0.842105 0.2626
0 0.493044 0.855384 0.460772 0.786966 0.489519 0.773406 0.521792 0.841824 0.3636
0 0.826193 0.497760 0.815745 0.474919 0.919280 0.427557 0.929729 0.450398 0.8757
0 0.534346 0.813929 0.520182 0.796224 0.563691 0.761417 0.577855 0.779122 0.0942
0 0.633313 1.000000 0.614493 0.980244 0.641253 0.964837 0.660072 0.997523 0.0941
0 0.577489 0.957750 0.545886 0.811588 0.576312 0.805009 0.607914 0.951171 0.1144
0 0.353036 0.548665 0.284612 0.403129 0.312720 0.389914 0.381143 0.535450 0.8502
0 0.143149 0.268870 0.109095 0.264613 0.113662 0.228075 0.147716 0.232332 0.1345
0 0.412106 0.683975 0.358712 0.555832 0.383121 0.545662 0.436514 0.673805 0.8171
0 0.772809 0.242453 0.706570 0.207493 0.714872 0.191765 0.781111 0.226724 0.0706
0 0.551336 0.994814 0.525179 0.846972 0.554325 0.841816 0.580482 0.989657 0.1213
0 0.736085 0.610813 0.714999 0.545638 0.737914 0.538224 0.759000 0.603399 0.1346
0 0.769671 1.000000 0.756892 0.970721 0.782093 0.961998 0.794872 0.998915 0.6674
0 0.926532 0.538668 0.884350 0.477578 0.909427 0.460263 0.951608 0.521353 0.0701
0 0.634958 0.573321 0.627639 0.534190 0.758071 0.509792 0.765390 0.548924 0.0752
0 0.095845 0.218933 0.042736 0.175117 0.056422 0.158527 0.109532 0.202343 0.0940
0 0.595261 0.546629 0.584844 0.510171 0.664726 0.487348 0.675142 0.523806 0.2469
0 0.597344 0.547919 0.584217 0.510768 0.743711 0.454414 0.756837 0.491564 0.2140
0 0.790153 0.891845 0.746598 0.793372 0.770336 0.782872 0.813892 0.881345 0.2277
0 0.721304 0.465464 0.703491 0.427743 0.756221 0.402842 0.774034 0.440564 0.1297
0 0.639544 0.580148 0.623777 0.541677 0.807569 0.466353 0.823335 0.504823 0.8361
0 0.883798 0.318981 0.795579 0.292515 0.802137 0.270654 0.890356 0.297120 0.1764
0 0.844786 1.000000 0.824173 0.962309 0.855139 0.949208 0.875752 0.997929 0.0978
0 0.120626 0.186083 0.074469 0.144637 0.088769 0.128712 0.134925 0.170158 0.1080
0 0.973128 0.610904 0.927715 0.543473 0.953044 0.526415 0.998457 0.593846 0.5542
0 0.845124 1.000000 0.823303 0.961757 0.854546 0.948010 0.876367 0.997602 0.0729
0 0.662760 0.661458 0.628776 0.593490 0.648568 0.583594 0.682552 0.651563 0.9129
0 0.440169 0.738825 0.416709 0.688974 0.444175 0.676049 0.467634 0.725900 0.1319
0 0.801823 1.000000 0.738932 0.885417 0.772786 0.868490 0.835677 0.994271 0.8479
0 0.120644 0.186080 0.074442 0.144691 0.088477 0.129024 0.134678 0.170413 0.0965
0 0.826783 0.496294 0.816755 0.474173 0.918826 0.427901 0.928854 0.450022 0.1189
0 0.713021 1.000000 0.691927 0.969141 0.718490 0.955859 0.739583 0.998047 0.1036
0 0.970948 0.610954 0.885032 0.476926 0.911286 0.460096 0.997202 0.594125 0.1677
0 0.188577 0.287679 0.113107 0.247725 0.133536 0.209137 0.209006 0.249092 0.1618
0 0.493310 0.854645 0.465028 0.794688 0.492741 0.781615 0.521022 0.841573 0.4171
0 0.550101 0.995646 0.525414 0.846220 0.555255 0.841290 0.579942 0.990715 0.9276
0 0.672966 0.639093 0.655237 0.592555 0.678384 0.583737 0.696113 0.630275 0.1495
0 0.090957 0.217497 0.042304 0.174250 0.055666 0.159218 0.104319 0.202465 0.1155
0 0.434283 0.675818 0.372951 0.531605 0.397868 0.521008 0.459200 0.665221 0.8496
0 0.438645 0.737571 0.417084 0.689656 0.443233 0.677889 0.464795 0.725803 0.1465
0 0.220557 0.265317 0.190624 0.202125 0.220485 0.187980 0.250418 0.251172 0.0517
0 0.508328 0.824061 0.448852 0.684475 0.477030 0.672468 0.536506 0.812055 0.8921
0 0.193520 0.292037 0.133083 0.257502 0.154958 0.219221 0.215395 0.253756 0.1098
0 0.354658 0.549308 0.282370 0.406435 0.309531 0.392693 0.381819 0.535566 0.0730
0 0.692771 0.627231 0.684360 0.589765 0.696870 0.586956 0.705281 0.624423 0.2417
0 0.753127 0.595069 0.745423 0.537286 0.761031 0.535205 0.768735 0.592988 0.3748
0 0.492305 0.853744 0.437303 0.732491 0.464985 0.719934 0.519987 0.841188 0.3284
0 0.772938 0.242406 0.706103 0.208085 0.714547 0.191641 0.781382 0.225962 0.0700
0 0.790387 0.891325 0.745215 0.791948 0.769201 0.781045 0.814373 0.880422 0.7433
0 0.833540 0.981274 0.798727 0.914631 0.820857 0.903070 0.855671 0.969713 0.0565
0 0.190672 0.285709 0.108336 0.258639 0.123152 0.213576 0.205487 0.240645 0.1026
0 0.712276 0.699415 0.688630 0.656852 0.705379 0.647547 0.729025 0.690110 0.1004
0 0.732230 0.609260 0.716605 0.546760 0.757506 0.536535 0.773131 0.599035 0.1842
0 0.319547 0.606583 0.313626 0.593097 0.349572 0.577316 0.355493 0.590802 0.0539
0 0.916333 0.393704 0.676573 0.316067 0.694144 0.261805 0.933904 0.339442 0.9584
0 0.710677 0.699349 0.689323 0.656641 0.705990 0.648307 0.727344 0.691016 0.8516
0 0.752756 0.596055 0.743917 0.537715 0.761428 0.535062 0.770268 0.593402 0.1274
0 0.120647 0.186111 0.074388 0.144881 0.088371 0.129193 0.134630 0.170424 0.8902
0 0.734031 0.610124 0.715974 0.546924 0.758193 0.534861 0.776251 0.598062 0.1026
0 0.356141 0.548393 0.310286 0.465020 0.335778 0.450999 0.381633 0.534373 0.0895
0 0.189129 0.288974 0.114675 0.246107 0.136326 0.208502 0.210780 0.251369 0.1312
0 0.355891 0.547188 0.285688 0.403542 0.313588 0.389907 0.383791 0.533552 0.0560
0 0.768095 0.950858 0.739336 0.883755 0.775009 0.868467 0.803767 0.935569 0.2102
0 0.198030 0.283735 0.139089 0.271624 0.146223 0.236908 0.205164 0.249019 0.1369
0 0.040690 0.175456 0.002279 0.137044 0.019531 0.119792 0.057943 0.158203 0.8973
0 0.804271 1.000000 0.776160 0.958410 0.807685 0.942170 0.835796 0.996739 0.1005
0 0.976908 0.666721 0.937688 0.581954 0.957121 0.572963 0.996341 0.657729 0.8321
0 0.492085 0.854680 0.424035 0.702754 0.454491 0.689112 0.522542 0.841038 0.6853
0 0.239291 0.297812 0.193261 0.202962 0.219755 0.190105 0.265785 0.284954 0.0575
0 0.821479 0.959045 0.800417 0.912241 0.823265 0.901959 0.844327 0.948764 0.4977
0 0.918294 0.391174 0.678981 0.316095 0.695228 0.264309 0.934541 0.339388 0.1032
0 0.789922 0.891680 0.755672 0.812221 0.779385 0.802000 0.813634 0.881459 0.2760
0 0.576257 0.959205 0.545415 0.810870 0.576871 0.804329 0.607713 0.952665 0.9359
0 0.976304 0.665792 0.933369 0.574554 0.953498 0.565082 0.996433 0.656320 0.0802
0 0.186216 0.287337 0.114577 0.247537 0.135675 0.209562 0.207314 0.249361 0.3284
0 0.639885 0.579735 0.624322 0.542383 0.806783 0.466358 0.822347 0.503710 0.2349
0 0.927136 0.540357 0.883912 0.477613 0.909373 0.460074 0.952597 0.522818 0.4120
0 0.433048 0.678331 0.385945 0.569852 0.408901 0.559884 0.456003 0.668364 0.1133
0 0.633037 1.000000 0.614746 0.979889 0.641359 0.964919 0.659650 0.997436 0.0952
0 0.492176 0.852568 0.443315 0.734727 0.483665 0.717996 0.532526 0.835837 0.0631
0 0.725135 0.598385 0.717169 0.541297 0.760357 0.535271 0.768323 0.592359 0.0719
0 0.380698 0.610966 0.356885 0.557386 0.380564 0.546862 0.404377 0.600442 0.4105
0 0.238281 0.298177 0.190885 0.203385 0.219792 0.188932 0.267188 0.283724 0.0975
0 0.195278 0.284269 0.113867 0.269903 0.122479 0.221101 0.203890 0.235467 0.1297
0 0.238518 0.299167 0.189575 0.202860 0.219390 0.187709 0.268332 0.284015 0.9474
0 0.452570 0.655126 0.399837 0.525689 0.422833 0.516320 0.475567 0.645757 0.0978
0 0.493063 0.854708 0.438094 0.736774 0.466518 0.723526 0.521487 0.841459 0.4333
0 0.333973 0.506751 0.285624 0.402889 0.311160 0.391002 0.359510 0.494864 0.1375
0 0.436020 0.673552 0.373852 0.531810 0.398155 0.521152 0.460322 0.662893 0.2753
0 0.103208 0.199816 0.061575 0.163230 0.076385 0.146376 0.118018 0.182963 0.8161
0 0.172606 0.288285 0.108575 0.247538 0.127715 0.217459 0.191747 0.258207 0.1576
0 0.435475 0.676224 0.383222 0.546199 0.404669 0.537580 0.456922 0.667605 0.1829
0 0.804565 1.000000 0.775922 0.959679 0.808164 0.942550 0.836807 0.996466 0.0629
0 0.758517 0.526267 0.744226 0.495303 0.807393 0.466149 0.821684 0.497113 0.4919
0 0.999349 0.692708 0.983724 0.692708 0.983724 0.664062 0.999349 0.664062 0.0941
0 0.583973 0.510700 0.570072 0.471632 0.758796 0.404478 0.772697 0.443547 0.1347
0 0.190548 0.288039 0.108933 0.252673 0.127396 0.210066 0.209011 0.245432 0.1434
0 0.405599 0.676432 0.357467 0.556102 0.381937 0.546314 0.430069 0.666644 0.2431
0 0.772266 0.953385 0.738151 0.885156 0.772526 0.867969 0.806641 0.936198 0.2427
0 0.731230 0.995545 0.696003 0.971561 0.707144 0.955197 0.742372 0.979181 0.0606
0 0.768359 1.000000 0.756185 0.971029 0.782161 0.962370 0.794336 0.998893 0.0770
0 0.452826 0.657301 0.398285 0.525079 0.422369 0.515145 0.476910 0.647366 0.9401
0 0.733433 0.610697 0.715510 0.544977 0.742338 0.537660 0.760261 0.603380 0.1453
0 0.734273 0.608280 0.716406 0.547804 0.757884 0.535549 0.775752 0.596025 0.1411
0 0.699760 0.630119 0.685408 0.629495 0.687143 0.589602 0.701495 0.590226 0.0728
0 0.587015 0.517668 0.571345 0.478493 0.757341 0.404095 0.773011 0.443270 0.8459
0 0.282303 0.402140 0.255017 0.337939 0.277240 0.328494 0.304526 0.392696 0.1099
0 0.758791 0.530871 0.739951 0.500563 0.801949 0.462024 0.820789 0.492331 0.1028
0 0.282515 0.402143 0.254644 0.338204 0.276906 0.328499 0.304777 0.392439 0.8972
0 0.754328 0.595134 0.745869 0.538035 0.761725 0.535686 0.770184 0.592785 0.1340
0 0.772791 0.242558 0.706132 0.207779 0.714327 0.192071 0.780987 0.226850 0.0912
0 0.755097 0.526049 0.741897 0.493992 0.806338 0.467458 0.819538 0.499515 0.1290
0 0.794383 1.000000 0.767484 0.960072 0.805216 0.940027 0.832114 0.990658 0.1153
0 0.741300 0.610415 0.713836 0.547641 0.732791 0.539349 0.760254 0.602122 0.1260
0 0.376460 0.519547 0.278087 0.325976 0.328225 0.300496 0.426598 0.494067 0.9300
0 0.551415 0.994686 0.526957 0.847938 0.553034 0.843592 0.577492 0.990340 0.0603
0 0.844187 1.000000 0.798400 0.913057 0.823855 0.901024 0.869642 0.997881 0.7423
0 0.145833 0.266927 0.111328 0.266927 0.111328 0.231771 0.145833 0.231771 0.1960
0 0.772818 0.242441 0.706298 0.207367 0.714322 0.192149 0.780842 0.227224 0.5502
0 0.187749 0.286439 0.110452 0.249825 0.129554 0.209497 0.206852 0.246111 0.1314
0 0.189051 0.287801 0.109602 0.250413 0.129181 0.208807 0.208630 0.246195 0.1184
0 0.583558 0.512428 0.570671 0.477180 0.704492 0.428257 0.717378 0.463504 0.1028
0 0.713021 1.000000 0.695443 0.969661 0.718620 0.958073 0.736198 0.993229 0.0602
0 0.129870 0.269169 0.107557 0.239883 0.117012 0.232680 0.139325 0.261965 0.0696
0 0.970384 0.612492 0.883206 0.477763 0.911146 0.459685 0.998323 0.594414 0.8388
0 0.095530 0.219605 0.042064 0.174365 0.055300 0.158722 0.108767 0.203962 0.8461
0 0.238280 0.298460 0.193281 0.203064 0.220682 0.190138 0.265681 0.285535 0.0627
0 0.041631 0.174447 0.001849 0.138643 0.018294 0.120371 0.058076 0.156174 0.1249
0 0.144596 0.269987 0.108268 0.257878 0.120833 0.220182 0.157161 0.232292 0.1385
0 0.844676 1.000000 0.824246 0.964253 0.851610 0.952091 0.872040 0.998060 0.1392
0 0.752525 0.595640 0.746086 0.537689 0.762592 0.535855 0.769031 0.593806 0.1163
0 0.630599 1.000000 0.614323 0.979297 0.642188 0.965365 0.658464 0.997917 0.7689
0 0.637921 0.577324 0.624340 0.539298 0.750459 0.494256 0.764040 0.532281 0.1221
0 0.539288 0.814489 0.522695 0.794967 0.623592 0.709204 0.640186 0.728726 0.1034
0 0.190292 0.290459 0.134705 0.255957 0.157499 0.219233 0.213086 0.253736 0.1086
0 0.637558 0.578513 0.623580 0.539998 0.747293 0.495102 0.761271 0.533618 0.1521
0 0.437615 0.739018 0.417017 0.688553 0.445159 0.677066 0.465757 0.727531 0.1650
0 0.842406 1.000000 0.799836 0.912495 0.827203 0.900470 0.869774 0.997355 0.0985
0 0.766580 0.594702 0.742984 0.593016 0.747644 0.527780 0.771240 0.529465 0.1102
0 0.697788 0.635372 0.676417 0.632944 0.681460 0.588566 0.702832 0.590994 0.0705
0 0.665209 1.000000 0.632005 0.956545 0.668056 0.934657 0.701259 0.989344 0.0983
0 0.752370 0.595412 0.743889 0.537740 0.760532 0.535292 0.769014 0.592964 0.1396
0 0.309956 0.383821 0.285692 0.321644 0.331470 0.303779 0.355735 0.365956 0.1097
0 0.772055 1.000000 0.754865 0.972812 0.780421 0.961196 0.797611 0.999014 0.0846
0 0.752357 0.595924 0.744010 0.537500 0.761419 0.535013 0.769766 0.593437 0.1201
0 0.537996 0.815856 0.521130 0.795923 0.623684 0.709146 0.640551 0.729079 0.9346
0 0.844479 1.000000 0.821772 0.961721 0.848588 0.949305 0.871295 0.998352 0.1690
0 0.713151 1.000000 0.691927 0.969141 0.718750 0.955729 0.739974 0.998177 0.7811
0 0.845213 1.000000 0.823064 0.961595 0.854234 0.947742 0.876383 0.997577 0.0648
0 0.439555 0.738407 0.416835 0.689722 0.444029 0.677031 0.466749 0.725717 0.7423
0 0.721130 0.465601 0.703261 0.427876 0.756210 0.402794 0.774080 0.440519 0.1162
0 0.195745 0.293478 0.110982 0.245370 0.133235 0.206163 0.217998 0.254271 0.0844
0 0.740446 0.862283 0.701720 0.702538 0.730248 0.695623 0.768974 0.855367 0.9294
0 0.663047 0.659704 0.627816 0.595114 0.647475 0.584391 0.682706 0.648981 0.0669
0 0.843840 1.000000 0.823467 0.962655 0.850496 0.951071 0.870869 0.998608 0.3991
0 0.120754 0.186191 0.075231 0.142606 0.089797 0.127393 0.135319 0.170978 0.0696
0 0.492167 0.853978 0.437600 0.731535 0.466217 0.718782 0.520784 0.841225 0.0826
0 0.102787 0.200683 0.060641 0.165867 0.075610 0.147747 0.117756 0.182563 0.1304
0 0.846122 1.000000 0.822127 0.965236 0.846070 0.952388 0.870065 0.997106 0.0749
0 0.751664 0.595122 0.745100 0.537688 0.761460 0.535818 0.768024 0.593253 0.1616
0 0.597188 0.551026 0.582478 0.512245 0.771633 0.440497 0.786343 0.479278 0.8512
0 0.663932 1.000000 0.635677 0.951693 0.671875 0.933594 0.700130 0.990104 0.8277
0 0.833565 1.000000 0.808070 0.961499 0.842879 0.944852 0.868373 0.998159 0.0952
0 0.730072 0.577382 0.714934 0.548997 0.728416 0.541806 0.743555 0.570191 0.0874
0 0.740316 0.860362 0.702109 0.702760 0.730115 0.695970 0.768322 0.853572 0.1122
0 0.759642 0.544066 0.729533 0.510385 0.790913 0.455515 0.821022 0.489196 0.1144
0 0.438103 0.739004 0.416947 0.688632 0.444717 0.676969 0.465874 0.727341 0.1706
0 0.600760 0.547294 0.573307 0.480106 0.757054 0.405027 0.784507 0.472215 0.2015
0 0.725688 0.563460 0.709691 0.551906 0.730155 0.523572 0.746152 0.535126 0.1097
0 0.672631 0.638996 0.655312 0.592449 0.678266 0.583908 0.695586 0.630455 0.8681
0 0.660538 1.000000 0.636023 0.949106 0.676095 0.933077 0.700611 0.994365 0.0832
0 0.744792 0.609375 0.714063 0.547917 0.730729 0.539583 0.761458 0.601042 0.5297
0 0.834126 0.495961 0.823064 0.473283 0.918829 0.426568 0.929892 0.449246 0.1615
0 0.789323 0.836458 0.782813 0.823438 0.815886 0.806901 0.822396 0.819922 0.2136
0 0.381553 0.516270 0.360433 0.485145 0.382387 0.470248 0.403508 0.501373 0.0752
0 0.710454 1.000000 0.693943 0.968999 0.718760 0.957182 0.735270 0.991854 0.0520
0 0.466897 0.805188 0.418300 0.688556 0.447100 0.676556 0.495697 0.793188 0.1332
0 0.977584 0.667021 0.939537 0.589699 0.958905 0.580169 0.996952 0.657491 0.1895
0 0.189424 0.289764 0.113335 0.245160 0.135764 0.206898 0.211853 0.251502 0.1323
0 0.729796 0.609705 0.715895 0.544836 0.744172 0.538777 0.758073 0.603646 0.2200
0 0.713866 1.000000 0.692237 0.969488 0.718697 0.955801 0.740327 0.997618 0.1060
0 0.492198 0.854271 0.438376 0.734133 0.465864 0.721819 0.519686 0.841956 0.3325
0 0.848476 1.000000 0.817716 0.962642 0.844518 0.945890 0.875278 0.995106 0.0718
