0 0.901442 0.371795 0.862530 0.345853 0.870242 0.334285 0.909155 0.360226 0.5112
0 0.747373 0.411077 0.708794 0.394542 0.713912 0.382599 0.752492 0.399133 0.0916
0 0.795122 0.306991 0.761919 0.284856 0.768129 0.275541 0.801332 0.297676 0.4907
0 0.912947 0.773737 0.888815 0.769238 0.898615 0.716675 0.922747 0.721175 0.0635
0 0.899282 0.361630 0.863915 0.344653 0.868162 0.335806 0.903529 0.352782 0.0565
0 0.855143 0.538737 0.831706 0.515300 0.844727 0.502279 0.868164 0.525716 0.0566
0 0.873698 0.352214 0.865885 0.352214 0.865885 0.339193 0.873698 0.339193 0.0687
0 0.847005 0.494792 0.809896 0.494792 0.809896 0.480469 0.847005 0.480469 0.1090
0 0.554557 0.920964 0.538542 0.915625 0.541732 0.906055 0.557747 0.911393 0.1965
0 0.761869 0.453225 0.726863 0.429888 0.741987 0.407201 0.776993 0.430539 0.0647
0 0.853516 0.459635 0.839844 0.459635 0.839844 0.440104 0.853516 0.440104 0.0763
0 0.855794 0.538737 0.841471 0.524414 0.851563 0.514323 0.865885 0.528646 0.0513
0 0.794509 0.307431 0.775557 0.290585 0.782238 0.283068 0.801190 0.299915 0.0594
0 0.884595 0.355464 0.863543 0.344237 0.868192 0.335519 0.889244 0.346746 0.0576
0 0.854036 0.531510 0.836390 0.510082 0.845769 0.502358 0.863415 0.523786 0.1606
0 0.854193 0.543802 0.828047 0.524193 0.833750 0.516589 0.859896 0.536198 0.4195
0 0.747127 0.411411 0.708528 0.394256 0.713763 0.382477 0.752362 0.399632 0.5141
0 0.906173 0.883157 0.895259 0.876608 0.904048 0.861960 0.914962 0.868509 0.0804
0 0.854008 0.543321 0.827404 0.524317 0.833254 0.516126 0.859859 0.535130 0.0764
0 0.747340 0.411155 0.708760 0.394621 0.713912 0.382599 0.752492 0.399133 0.0817
0 0.794878 0.307459 0.760988 0.285430 0.767681 0.275132 0.801572 0.297161 0.1083
0 0.901773 0.370574 0.862623 0.346105 0.869938 0.334401 0.909088 0.358870 0.1268
0 0.993490 0.492188 0.974531 0.477969 0.988828 0.458906 1.000000 0.473125 0.0966
0 0.883929 0.374446 0.860516 0.355911 0.866536 0.348307 0.889949 0.366842 0.0766
