0 0.110807 0.922917 0.094762 0.910437 0.099985 0.903721 0.116031 0.916201 0.0900
0 0.129285 0.908124 0.113483 0.889359 0.140969 0.866213 0.156771 0.884978 0.0579
0 0.122800 0.904656 0.113775 0.882094 0.140827 0.871273 0.149852 0.893835 0.0669
0 0.077083 0.882682 0.066927 0.862370 0.079167 0.856250 0.089323 0.876563 0.0711
0 0.130859 0.939453 0.110352 0.918945 0.122396 0.906901 0.142904 0.927409 0.0978
0 0.032552 0.798828 0.024740 0.775391 0.035482 0.771810 0.043294 0.795247 0.0905
0 0.991953 0.665703 0.910469 0.557057 0.931615 0.541198 1.000000 0.649844 0.0527
0 0.098144 0.905742 0.080033 0.870584 0.095405 0.862665 0.113517 0.897823 0.0524
0 0.145182 0.878255 0.127604 0.878255 0.127604 0.865885 0.145182 0.865885 0.0561
0 0.108796 0.922146 0.086533 0.901275 0.099892 0.887025 0.122155 0.907896 0.0866
0 0.091589 0.887514 0.071309 0.869769 0.081714 0.857877 0.101995 0.875622 0.1191
0 0.105990 0.926823 0.093229 0.901302 0.109115 0.893359 0.121875 0.918880 0.0903
0 0.066441 0.892138 0.064295 0.879258 0.084354 0.875915 0.086501 0.888795 0.1545
0 0.119164 0.913401 0.102872 0.906983 0.114215 0.878189 0.130507 0.884607 0.1021
0 0.102734 0.914453 0.085938 0.880859 0.102865 0.872396 0.119661 0.905990 0.0568
0 0.100926 0.889748 0.071551 0.870949 0.083257 0.852659 0.112631 0.871459 0.0559
0 0.100040 0.887310 0.083934 0.859125 0.109315 0.844621 0.125421 0.872807 0.0562
0 0.085554 0.904234 0.063080 0.895807 0.067575 0.883820 0.090049 0.892248 0.0625
0 0.100494 0.896104 0.081320 0.873862 0.093233 0.863593 0.112406 0.885834 0.0788
0 0.000601 0.736578 0.000000 0.728916 0.010667 0.718800 0.015775 0.726462 0.1797
0 0.090387 0.893759 0.071098 0.872059 0.083342 0.861175 0.102631 0.882875 0.0532
0 0.103535 0.906499 0.086531 0.878159 0.101180 0.869370 0.118183 0.897710 0.0638
0 0.124038 0.934205 0.093409 0.910024 0.102441 0.898583 0.133070 0.922764 0.0832
0 0.104167 0.889974 0.075471 0.870843 0.087490 0.852814 0.116186 0.871945 0.0631
0 0.110080 0.920343 0.085941 0.898503 0.100192 0.882751 0.124331 0.904591 0.0785
0 0.101848 0.879783 0.074808 0.876294 0.078534 0.847415 0.105575 0.850904 0.0542
0 0.168294 0.998372 0.153320 0.983398 0.163737 0.972982 0.178711 0.987956 0.1178
0 0.119936 0.900974 0.094880 0.877484 0.114777 0.856261 0.139833 0.879751 0.0614
0 0.118181 0.913693 0.108167 0.891162 0.130578 0.881202 0.140591 0.903733 0.0512
0 0.093594 0.896927 0.071875 0.867969 0.085313 0.857891 0.107031 0.886849 0.0600
0 0.118490 0.914062 0.103516 0.914062 0.103516 0.893880 0.118490 0.893880 0.1363
0 0.233974 0.410206 0.204162 0.383104 0.210496 0.376137 0.240308 0.403239 0.0521
0 0.033572 0.804024 0.025342 0.775219 0.039787 0.771091 0.048017 0.799897 0.0525
0 0.132812 0.941406 0.108529 0.920802 0.116627 0.911259 0.140910 0.931863 0.0585
0 0.107000 0.913324 0.081826 0.884794 0.097932 0.870582 0.123106 0.899113 0.0526
0 0.113542 0.868620 0.096094 0.859896 0.108333 0.835417 0.125781 0.844141 0.0544
0 0.083000 0.881907 0.069979 0.865631 0.078633 0.858708 0.091654 0.874984 0.0881
0 0.084385 0.890024 0.069722 0.864363 0.087600 0.854147 0.102264 0.879808 0.0568
0 0.118610 0.913037 0.106472 0.893313 0.132262 0.877442 0.144400 0.897166 0.0570
0 0.132541 0.939436 0.110139 0.921235 0.118185 0.911333 0.140587 0.929534 0.0764
0 0.111842 0.916188 0.088472 0.901232 0.100260 0.882812 0.123631 0.897769 0.0676
0 0.106005 0.928194 0.090782 0.902822 0.106101 0.893631 0.121324 0.919003 0.0619
0 0.134766 0.918620 0.111328 0.918620 0.111328 0.893880 0.134766 0.893880 0.0595
0 0.037048 0.802624 0.022952 0.777252 0.032902 0.771724 0.046998 0.797096 0.3536
0 0.158159 0.994601 0.151371 0.990359 0.159381 0.977543 0.166169 0.981786 0.0618
0 0.107864 0.922982 0.090722 0.906983 0.098451 0.898702 0.115593 0.914701 0.0852
0 0.165865 0.994892 0.163812 0.978466 0.177915 0.976703 0.179968 0.993129 0.0515
0 0.117501 0.918155 0.104409 0.900155 0.123765 0.886078 0.136856 0.904079 0.0839
0 0.120443 0.903646 0.110352 0.893555 0.133138 0.870768 0.143229 0.880859 0.0625
0 0.112060 0.925038 0.087355 0.903421 0.101228 0.887566 0.125933 0.909183 0.0600
0 0.083062 0.904100 0.064094 0.890305 0.073694 0.877104 0.092663 0.890899 0.0949
0 0.125946 0.900918 0.115406 0.892810 0.137503 0.864085 0.148043 0.872193 0.0864
0 0.135417 0.927734 0.115885 0.927734 0.115885 0.906901 0.135417 0.906901 0.0654
0 0.146484 0.888672 0.125000 0.888672 0.125000 0.861328 0.146484 0.861328 0.0565
0 0.127654 0.899990 0.099259 0.881060 0.119091 0.851312 0.147486 0.870242 0.0566
0 0.082930 0.901532 0.063014 0.889817 0.072319 0.873998 0.092235 0.885713 0.2959
0 0.125867 0.896041 0.097636 0.872327 0.118657 0.847302 0.146888 0.871016 0.0534
0 0.177734 0.993490 0.166667 0.993490 0.166667 0.980469 0.177734 0.980469 0.0678
0 0.122505 0.911872 0.094444 0.904597 0.100471 0.881348 0.128533 0.888623 0.0518
0 0.158984 0.995052 0.150977 0.992383 0.156120 0.976953 0.164128 0.979622 0.0597
0 0.103268 0.927349 0.090922 0.899291 0.108093 0.891736 0.120438 0.919794 0.0678
0 0.585938 0.829427 0.570312 0.829427 0.570312 0.809896 0.585938 0.809896 0.0656
0 0.124349 0.912109 0.100260 0.912109 0.100260 0.888021 0.124349 0.888021 0.0638
0 0.101505 0.913967 0.085248 0.886872 0.098078 0.879174 0.114334 0.906269 0.0801
