0 0.999349 0.732422 0.983724 0.732422 0.983724 0.693359 0.999349 0.693359 0.6837
0 0.513092 0.901034 0.507955 0.854802 0.528034 0.852571 0.533171 0.898803 0.0611
0 0.597472 0.974596 0.590734 0.926464 0.617169 0.922763 0.623907 0.970895 0.1100
0 0.765738 0.988177 0.750329 0.987535 0.751440 0.960889 0.766848 0.961531 0.0821
0 0.000260 0.996875 0.000000 0.976763 0.042698 0.971144 0.045212 0.991256 0.1829
0 0.778985 0.938514 0.778004 0.912986 0.812958 0.911641 0.813940 0.937169 0.0919
0 0.737547 0.945781 0.735692 0.883638 0.760759 0.882890 0.762614 0.945033 0.0537
0 0.031762 0.645351 0.017644 0.622762 0.048777 0.603303 0.062895 0.625892 0.0580
0 0.999349 0.714193 0.985026 0.714193 0.985026 0.690755 0.999349 0.690755 0.0955
0 0.848307 0.970703 0.837891 0.970703 0.837891 0.953125 0.848307 0.953125 0.0547
0 0.150391 0.813802 0.125651 0.813802 0.125651 0.784505 0.150391 0.784505 0.0712
0 0.767052 0.988165 0.750317 0.987545 0.751400 0.958289 0.768136 0.958909 0.0749
0 0.171224 0.934896 0.159505 0.934896 0.159505 0.915365 0.171224 0.915365 0.2492
0 0.326172 0.999349 0.300781 0.999349 0.300781 0.982422 0.326172 0.982422 0.1354
0 0.003906 0.981120 0.000000 0.981120 0.000000 0.980469 0.003906 0.980469 0.0925
0 0.473958 0.875651 0.450521 0.875651 0.450521 0.857422 0.473958 0.857422 0.1792
0 0.135120 0.909407 0.132594 0.875306 0.164992 0.872906 0.167518 0.907007 0.0648
0 0.165365 0.906901 0.134766 0.906901 0.134766 0.875651 0.165365 0.875651 0.0509
0 0.758489 0.939979 0.738331 0.935947 0.743890 0.908153 0.764048 0.912184 0.0972
0 0.960563 0.963327 0.902919 0.962083 0.905863 0.825672 0.963507 0.826916 0.5102
0 0.016216 0.988255 0.015571 0.974079 0.045989 0.972697 0.046633 0.986872 0.0545
0 0.043620 0.994792 0.000000 0.994792 0.000000 0.973958 0.043620 0.973958 0.0939
0 0.129557 0.914714 0.116768 0.880610 0.150301 0.868035 0.163090 0.902139 0.0577
0 0.907875 0.960260 0.899762 0.862900 0.952294 0.858522 0.960408 0.955882 0.1287
0 0.126228 0.909473 0.124064 0.870531 0.165675 0.868219 0.167839 0.907162 0.0509
0 0.999349 0.860026 0.992839 0.860026 0.992839 0.837891 0.999349 0.837891 0.5580
0 0.928088 0.615753 0.926604 0.597200 0.958302 0.594664 0.959787 0.613217 0.0507
0 0.999349 0.858073 0.992839 0.858073 0.992839 0.837240 0.999349 0.837240 0.1366
0 0.091146 0.815104 0.074219 0.815104 0.074219 0.802083 0.091146 0.802083 0.1006
0 0.790132 0.945414 0.770674 0.930589 0.781299 0.916642 0.800758 0.931468 0.0593
0 0.000286 0.997448 0.000000 0.977578 0.042474 0.971146 0.045313 0.991016 0.7429
0 0.007812 0.981771 0.000000 0.981771 0.000000 0.980469 0.007812 0.980469 0.1295
0 0.155752 0.912071 0.124636 0.893402 0.138078 0.870998 0.169194 0.889668 0.0567
0 0.669531 0.620313 0.661458 0.604167 0.682292 0.593750 0.690365 0.609896 0.0936
0 0.813151 0.937500 0.778646 0.937500 0.778646 0.912109 0.813151 0.912109 0.0826
0 0.810547 0.916667 0.804688 0.916667 0.804688 0.914714 0.810547 0.914714 0.0557
0 0.999349 0.732422 0.983724 0.732422 0.983724 0.710938 0.999349 0.710938 0.1677
0 0.999349 0.863932 0.991536 0.863932 0.991536 0.837240 0.999349 0.837240 0.1101
0 0.778549 0.939174 0.777389 0.912504 0.813496 0.910934 0.814656 0.937604 0.0601
0 0.146484 0.911458 0.124349 0.911458 0.124349 0.876953 0.146484 0.876953 0.0950
0 0.000227 0.997149 0.000000 0.977105 0.042545 0.971107 0.045218 0.991150 0.2061
0 0.999349 0.732422 0.983724 0.732422 0.983724 0.708333 0.999349 0.708333 0.1313
0 0.752413 0.988921 0.745948 0.973835 0.758441 0.968481 0.764907 0.983567 0.3132
0 0.026042 0.993490 0.006510 0.993490 0.006510 0.988932 0.026042 0.988932 0.1334
0 0.813151 0.937500 0.778646 0.937500 0.778646 0.911458 0.813151 0.911458 0.0921
0 0.999349 0.733073 0.983724 0.733073 0.983724 0.710286 0.999349 0.710286 0.1389
0 0.847656 0.970052 0.839193 0.970052 0.839193 0.953125 0.847656 0.953125 0.2057
0 0.999349 0.865234 0.991536 0.865234 0.991536 0.837240 0.999349 0.837240 0.0575
0 0.779345 0.939330 0.777232 0.916085 0.811748 0.912947 0.813861 0.936193 0.0523
0 0.129670 0.914669 0.116289 0.881219 0.150189 0.867659 0.163569 0.901109 0.0563
0 0.999349 0.733073 0.983724 0.733073 0.983724 0.708984 0.999349 0.708984 0.0874
0 0.779611 0.938640 0.777833 0.913749 0.811932 0.911313 0.813710 0.936204 0.2643
0 0.529297 0.878255 0.507161 0.878255 0.507161 0.848307 0.529297 0.848307 0.1361
0 0.519241 0.903019 0.507058 0.880177 0.525744 0.870211 0.537927 0.893053 0.4728
0 0.513432 0.901723 0.507342 0.853005 0.527374 0.850501 0.533464 0.899219 0.7078
0 0.778597 0.939370 0.776860 0.913314 0.813503 0.910871 0.815240 0.936927 0.0529
0 0.046224 0.992188 0.007161 0.992188 0.007161 0.973958 0.046224 0.973958 0.0647
0 0.723864 0.878083 0.704278 0.811311 0.738208 0.801358 0.757794 0.868130 0.0853
0 0.763052 0.988732 0.749579 0.986604 0.753032 0.964740 0.766505 0.966867 0.1970
0 0.999349 0.733073 0.983073 0.733073 0.983073 0.697266 0.999349 0.697266 0.2242
0 0.143404 0.912335 0.136343 0.877028 0.163136 0.871670 0.170197 0.906976 0.0630
0 0.750776 0.987741 0.748963 0.957824 0.766162 0.956782 0.767975 0.986699 0.0621
0 0.016182 0.991974 0.015607 0.974719 0.046042 0.973704 0.046617 0.990959 0.0690
0 0.800769 0.937941 0.789063 0.915365 0.807534 0.905787 0.819240 0.928363 0.0702
0 0.517983 0.282871 0.501843 0.256536 0.546696 0.229046 0.562836 0.255380 0.0649
