0 0.342179 0.161411 0.270840 0.129705 0.282519 0.103428 0.353858 0.135135 0.0874
0 0.344272 0.160780 0.271134 0.132047 0.281651 0.105277 0.354789 0.134010 0.0734
0 0.991714 0.408758 0.963482 0.396870 0.977869 0.362701 1.000000 0.374588 0.1886
0 0.608333 0.226432 0.550716 0.207227 0.557552 0.186719 0.615169 0.205924 0.0791
0 0.352081 0.307555 0.294488 0.299228 0.300543 0.257347 0.358137 0.265673 0.0511
0 0.343667 0.162288 0.270924 0.128341 0.284213 0.099864 0.356956 0.133810 0.0813
0 0.343555 0.156185 0.271680 0.132227 0.280729 0.105078 0.352604 0.129036 0.1147
0 0.608196 0.225179 0.537907 0.203880 0.544160 0.183244 0.614449 0.204544 0.0686
0 0.393926 0.372177 0.287840 0.306331 0.320542 0.253645 0.426628 0.319491 0.0528
0 0.696750 0.404150 0.663731 0.394716 0.669504 0.374509 0.702523 0.383943 0.1358
0 0.622418 0.312821 0.573990 0.281485 0.587929 0.259943 0.636357 0.291279 0.8825
0 0.283683 0.223126 0.200503 0.191221 0.216152 0.150420 0.299333 0.182325 0.0728
0 0.564517 0.279061 0.515046 0.260262 0.526426 0.230315 0.575897 0.249114 0.5161
0 0.607282 0.262613 0.508909 0.198804 0.537419 0.154850 0.635792 0.218659 0.0568
0 0.786458 0.479167 0.761719 0.479167 0.761719 0.462240 0.786458 0.462240 0.1458
0 0.497567 0.270700 0.383806 0.216429 0.400094 0.182287 0.513855 0.236559 0.1862
0 0.018229 0.063802 0.000000 0.063802 0.000000 0.033203 0.018229 0.033203 0.5249
0 0.697683 0.405439 0.663031 0.395539 0.669074 0.374386 0.703727 0.384287 0.0998
0 0.910373 0.315567 0.822554 0.290235 0.827465 0.273209 0.915284 0.298542 0.3024
0 0.633789 0.193034 0.593099 0.152344 0.612630 0.132813 0.653320 0.173503 0.2970
0 0.340885 0.155078 0.271940 0.132096 0.281250 0.104167 0.350195 0.127148 0.0909
0 0.762938 0.481195 0.707423 0.449968 0.717473 0.432102 0.772987 0.463329 0.7345
0 0.814583 0.459375 0.761198 0.432682 0.773438 0.408203 0.826823 0.434896 0.0817
0 0.427083 0.192057 0.410156 0.175130 0.431315 0.153971 0.448242 0.170898 0.1119
0 0.533203 0.239168 0.428379 0.214634 0.437511 0.175618 0.542335 0.200151 0.0627
0 0.396471 0.371323 0.287449 0.308552 0.303282 0.281052 0.412304 0.343823 0.1574
0 0.926780 0.420359 0.872388 0.402876 0.882440 0.371602 0.936832 0.389085 0.1330
0 0.029372 0.039338 0.000000 0.032352 0.000576 0.001678 0.035507 0.008664 0.0763
0 0.733646 0.327620 0.561092 0.258269 0.577817 0.216657 0.750371 0.286009 0.1439
0 0.989336 0.442294 0.874127 0.400969 0.885563 0.369087 1.000000 0.410412 0.7801
0 0.396809 0.371799 0.286494 0.309955 0.302491 0.281420 0.412807 0.343263 0.8743
0 0.325382 0.260871 0.301360 0.238049 0.392646 0.141959 0.416668 0.164780 0.0793
0 0.347973 0.158947 0.298275 0.144330 0.305998 0.118071 0.355697 0.132688 0.1001
0 0.537074 0.234026 0.519925 0.232009 0.523262 0.203640 0.540411 0.205658 0.1664
0 0.622707 0.312483 0.574127 0.281341 0.588082 0.259571 0.636663 0.290713 0.0969
0 0.281314 0.226310 0.201722 0.188244 0.211549 0.167695 0.291142 0.205761 0.6588
0 0.465215 0.294419 0.366638 0.240567 0.382403 0.211709 0.480980 0.265561 0.1698
0 0.292070 0.349637 0.253076 0.331223 0.268864 0.297790 0.307858 0.316203 0.0797
0 0.345880 0.198657 0.207168 0.144193 0.222298 0.105660 0.361010 0.160123 0.1806
0 0.422913 0.349461 0.310286 0.285949 0.326792 0.256679 0.439419 0.320191 0.1687
0 0.368814 0.334299 0.307942 0.282938 0.331076 0.255521 0.391948 0.306882 0.0933
0 0.591769 0.238745 0.529142 0.192176 0.550292 0.163732 0.612920 0.210301 0.0615
0 0.770779 0.464051 0.721386 0.431795 0.733625 0.413054 0.783018 0.445311 0.0916
0 0.469592 0.296637 0.443391 0.275676 0.464542 0.249238 0.490743 0.270198 0.0607
0 0.310722 0.143462 0.273092 0.134608 0.279547 0.107174 0.317177 0.116028 0.1104
0 0.777474 0.484115 0.720703 0.455729 0.729688 0.437760 0.786458 0.466146 0.1789
0 0.760027 0.497436 0.726061 0.485679 0.732191 0.467969 0.766157 0.479727 0.1195
0 0.346223 0.153432 0.273338 0.135940 0.281647 0.101319 0.354532 0.118812 0.0683
0 0.644472 0.194148 0.588677 0.170054 0.603088 0.136682 0.658883 0.160775 0.0624
0 0.497352 0.270600 0.379907 0.215080 0.396363 0.180269 0.513808 0.235789 0.8417
0 0.750023 0.205460 0.719379 0.192327 0.725979 0.176926 0.756623 0.190059 0.1041
0 0.713376 0.431690 0.663785 0.416431 0.669640 0.397399 0.719232 0.412658 0.0637
0 0.564882 0.278741 0.514633 0.262280 0.524940 0.230815 0.575190 0.247276 0.1042
0 0.268601 0.238309 0.198757 0.184708 0.221404 0.155198 0.291248 0.208800 0.1726
0 0.784187 0.474322 0.723362 0.432117 0.737208 0.412162 0.798033 0.454367 0.2317
0 0.423625 0.349231 0.309997 0.286829 0.326339 0.257072 0.439967 0.319474 0.8571
0 0.532878 0.200316 0.517336 0.193771 0.532263 0.158321 0.547805 0.164865 0.0951
0 0.020833 0.063802 0.000000 0.063802 0.000000 0.029297 0.020833 0.029297 0.1186
0 0.775017 0.485059 0.717087 0.453461 0.726865 0.435534 0.784795 0.467133 0.2556
0 0.399032 0.370629 0.325948 0.337265 0.338706 0.309320 0.411789 0.342684 0.0514
0 0.314844 0.219922 0.217188 0.171094 0.230208 0.145052 0.327865 0.193880 0.1975
0 0.023956 0.045735 0.000000 0.035193 0.001309 0.000000 0.035043 0.010259 0.0939
0 0.991255 0.409241 0.963140 0.397017 0.978210 0.362356 1.000000 0.374580 0.0903
0 0.999349 0.449219 0.986328 0.449219 0.986328 0.418620 0.999349 0.418620 0.0906
0 0.019531 0.064453 0.000000 0.064453 0.000000 0.032552 0.019531 0.032552 0.0904
0 0.813051 0.460136 0.755769 0.427404 0.769351 0.403636 0.826633 0.436368 0.0557
0 0.781936 0.481560 0.760610 0.478005 0.763267 0.462064 0.784593 0.465618 0.2061
0 0.532841 0.199352 0.517978 0.192492 0.533584 0.158680 0.548447 0.165539 0.1206
0 0.342742 0.157418 0.272251 0.130984 0.282713 0.103088 0.353204 0.129522 0.1631
0 0.608022 0.226615 0.551844 0.208874 0.558466 0.187905 0.614644 0.205646 0.1924
0 0.375977 0.334310 0.308295 0.285966 0.329278 0.256590 0.396959 0.304934 0.1027
0 0.726934 0.490619 0.686317 0.468209 0.698167 0.446730 0.738785 0.469140 0.0884
0 0.998457 0.412336 0.963778 0.398149 0.977903 0.363622 1.000000 0.377809 0.1050
0 0.710084 0.432471 0.665746 0.414736 0.672885 0.396888 0.717223 0.414624 0.8310
0 0.339845 0.417256 0.230524 0.354515 0.246637 0.326438 0.355959 0.389179 0.8983
0 0.025204 0.040346 0.000000 0.027518 0.011280 0.000000 0.039785 0.007942 0.0530
0 0.340951 0.155534 0.272005 0.132552 0.281120 0.105208 0.350065 0.128190 0.0787
0 0.345231 0.158502 0.272335 0.132259 0.282186 0.104894 0.355082 0.131137 0.0698
0 0.338423 0.416872 0.230534 0.354410 0.246699 0.326488 0.354588 0.388950 0.1022
0 0.539954 0.264286 0.515358 0.262050 0.518187 0.230938 0.542782 0.233174 0.0812
0 0.446028 0.323159 0.330531 0.264432 0.348265 0.229553 0.463763 0.288281 0.1544
0 0.259742 0.168518 0.204622 0.147520 0.220845 0.104934 0.275966 0.125932 0.0854
0 0.355172 0.395513 0.300844 0.319051 0.331629 0.297178 0.385957 0.373639 0.0850
0 0.012423 0.054956 0.002878 0.033664 0.014188 0.028594 0.023732 0.049886 0.1606
0 0.697971 0.247420 0.657880 0.229379 0.667917 0.207073 0.708008 0.225114 0.1259
0 0.345706 0.158474 0.272809 0.133583 0.281793 0.107274 0.354689 0.132165 0.1646
0 0.525066 0.242335 0.408095 0.189367 0.423152 0.156116 0.540123 0.209084 0.8038
0 0.288367 0.168648 0.206320 0.149343 0.216404 0.106487 0.298450 0.125792 0.0660
0 0.279385 0.230627 0.199163 0.192923 0.210604 0.168580 0.290826 0.206285 0.0579
0 0.749726 0.490242 0.745534 0.472950 0.776856 0.465356 0.781048 0.482648 0.0511
0 0.347284 0.158839 0.299020 0.143598 0.307157 0.117830 0.355421 0.133072 0.0924
0 0.769531 0.485026 0.757161 0.472656 0.772135 0.457682 0.784505 0.470052 0.1233
0 0.473234 0.295772 0.366990 0.240718 0.382217 0.211333 0.488461 0.266387 0.8575
0 0.734127 0.421620 0.689849 0.401941 0.698789 0.381826 0.743067 0.401505 0.0580
0 0.281120 0.226172 0.228255 0.199740 0.237760 0.180729 0.290625 0.207161 0.4250
0 0.531167 0.229220 0.501853 0.193871 0.524143 0.175387 0.553456 0.210736 0.0900
0 0.280433 0.227823 0.200890 0.188863 0.211455 0.167292 0.290999 0.206252 0.0856
0 0.563240 0.258412 0.522432 0.240822 0.531009 0.220925 0.571817 0.238514 0.0797
0 0.345052 0.314453 0.291667 0.314453 0.291667 0.286458 0.345052 0.286458 0.0523
0 0.364095 0.395653 0.253405 0.329710 0.271854 0.298743 0.382543 0.364686 0.8742
0 0.546819 0.206077 0.517668 0.193584 0.533125 0.157518 0.562275 0.170012 0.0632
0 0.028435 0.039027 0.000000 0.033485 0.000334 0.002551 0.033590 0.008094 0.1037
0 0.699787 0.403179 0.664857 0.393986 0.669934 0.374695 0.704864 0.383887 0.1375
0 0.760872 0.497331 0.725716 0.485612 0.731836 0.467253 0.766992 0.478971 0.0693
0 0.733063 0.419881 0.663838 0.393759 0.671539 0.373350 0.740765 0.399473 0.8669
0 0.339255 0.263727 0.337602 0.236444 0.394979 0.232967 0.396632 0.260250 0.1093
0 0.347587 0.161272 0.271180 0.135224 0.280616 0.107546 0.357022 0.133594 0.0818
0 0.035156 0.040365 0.000000 0.040365 0.000000 0.002604 0.035156 0.002604 0.0686
0 0.628880 0.192891 0.594740 0.147370 0.616615 0.130964 0.650755 0.176484 0.0818
0 0.318500 0.231300 0.315695 0.230950 0.316677 0.223097 0.319481 0.223448 0.0715
0 0.347603 0.199602 0.205795 0.145579 0.221111 0.105376 0.362919 0.159398 0.9014
0 0.454968 0.238929 0.452866 0.204784 0.537881 0.199552 0.539982 0.233697 0.0972
0 0.512370 0.259115 0.434896 0.259115 0.434896 0.229818 0.512370 0.229818 0.0678
0 0.424619 0.350877 0.336408 0.307410 0.352363 0.275030 0.440574 0.318497 0.0528
0 0.316614 0.217833 0.210846 0.175308 0.222352 0.146691 0.328120 0.189216 0.8159
0 0.881618 0.441027 0.876078 0.376851 0.989767 0.367036 0.995307 0.431212 0.1249
0 0.284322 0.390703 0.229340 0.348812 0.248545 0.323606 0.303526 0.365497 0.0800
0 0.339844 0.162760 0.270313 0.127995 0.283073 0.102474 0.352604 0.137240 0.0843
0 0.600689 0.233933 0.530086 0.199399 0.542267 0.174497 0.612869 0.209031 0.0858
0 0.027731 0.040646 0.000000 0.035139 0.000123 0.002516 0.033168 0.008024 0.5193
0 0.811839 0.459816 0.745022 0.421635 0.758283 0.398427 0.825100 0.436609 0.1599
0 0.999349 0.452474 0.986328 0.452474 0.986328 0.421224 0.999349 0.421224 0.3749
0 0.535718 0.235540 0.520936 0.232404 0.527003 0.203802 0.541785 0.206938 0.0612
0 0.813672 0.459245 0.744401 0.424609 0.756380 0.400651 0.825651 0.435286 0.8921
0 0.345068 0.156849 0.274188 0.135277 0.281962 0.109733 0.352842 0.131305 0.3041
0 0.508721 0.186096 0.485965 0.171372 0.495397 0.156795 0.518153 0.171519 0.0576
0 0.019531 0.064453 0.000000 0.064453 0.000000 0.033203 0.019531 0.033203 0.1644
0 0.907839 0.316087 0.820028 0.288489 0.825353 0.271543 0.913164 0.299141 0.0791
0 0.532967 0.199999 0.517810 0.193110 0.533484 0.158627 0.548641 0.165516 0.1184
0 0.565815 0.280374 0.515298 0.257560 0.528265 0.228848 0.578782 0.251662 0.1161
0 0.607651 0.225455 0.537942 0.202693 0.544685 0.182042 0.614394 0.204804 0.0703
0 0.526739 0.245532 0.405996 0.191515 0.421770 0.156255 0.542513 0.210271 0.0750
0 0.987921 0.441636 0.874676 0.400675 0.886000 0.369365 0.999246 0.410327 0.1478
0 0.788478 0.473300 0.746472 0.448297 0.759083 0.427111 0.801088 0.452114 0.1157
0 0.755823 0.480096 0.707764 0.447684 0.718958 0.431085 0.767018 0.463497 0.1356
0 0.910091 0.315951 0.866537 0.301432 0.871354 0.286979 0.914909 0.301497 0.1208
0 0.755604 0.500899 0.686983 0.470401 0.696917 0.448051 0.765538 0.478549 0.1601
0 0.637396 0.192891 0.589167 0.156719 0.607448 0.132344 0.655677 0.168516 0.0768
0 0.532167 0.229497 0.481665 0.186097 0.502533 0.161814 0.553035 0.205214 0.1033
0 0.630297 0.231520 0.548119 0.207042 0.554304 0.186278 0.636482 0.210756 0.0915
0 0.041016 0.037109 0.000000 0.037109 0.000000 0.000000 0.041016 0.000000 0.0521
0 0.789487 0.479766 0.760558 0.478064 0.761800 0.456959 0.790728 0.458661 0.0814
0 0.446227 0.322907 0.331942 0.260722 0.349314 0.228795 0.463599 0.290980 0.8431
0 0.910228 0.315699 0.866537 0.301432 0.871217 0.287097 0.914909 0.301363 0.1286
0 0.322619 0.260302 0.299767 0.237104 0.395538 0.142762 0.418390 0.165960 0.7662
0 0.534251 0.202201 0.516756 0.193968 0.533561 0.158257 0.551056 0.166490 0.1078
0 0.640755 0.174219 0.598307 0.152995 0.605859 0.137891 0.648307 0.159115 0.0710
0 0.621529 0.300451 0.533634 0.238125 0.556829 0.205413 0.644725 0.267739 0.0731
0 0.030599 0.063802 0.000000 0.063802 0.000000 0.003255 0.030599 0.003255 0.4692
0 0.630836 0.234023 0.549238 0.227746 0.551984 0.192050 0.633582 0.198326 0.0762
0 0.629263 0.231298 0.547890 0.207187 0.554215 0.185841 0.635588 0.209952 0.0858
0 0.754896 0.501338 0.686617 0.470302 0.697007 0.447444 0.765286 0.478480 0.8876
0 0.910299 0.315629 0.866428 0.301775 0.870994 0.287318 0.914864 0.301172 0.1294
0 0.548498 0.205524 0.518604 0.194314 0.532329 0.157713 0.562223 0.168923 0.0839
0 0.713021 0.431901 0.664974 0.415885 0.671224 0.397135 0.719271 0.413151 0.1157
0 0.501980 0.257837 0.490708 0.230030 0.505669 0.223965 0.516941 0.251771 0.0630
0 0.363508 0.393724 0.254120 0.330127 0.272087 0.299224 0.381475 0.362821 0.1882
0 0.641762 0.194192 0.587875 0.168326 0.603165 0.136472 0.657052 0.162338 0.0657
0 0.731487 0.491992 0.686392 0.468609 0.697812 0.446584 0.742907 0.469967 0.0566
0 0.732470 0.419587 0.687245 0.401085 0.695314 0.381363 0.740539 0.399864 0.1709
0 0.741406 0.332721 0.536933 0.251144 0.555085 0.205645 0.759558 0.287222 0.8551
0 0.281008 0.226455 0.200971 0.190883 0.209723 0.171190 0.289761 0.206763 0.0579
0 0.399414 0.181315 0.379557 0.161458 0.397786 0.143229 0.417643 0.163086 0.0763
0 0.531464 0.234455 0.428796 0.195955 0.441879 0.161066 0.544547 0.199567 0.2355
0 0.338792 0.415422 0.268535 0.371777 0.284713 0.345734 0.354971 0.389378 0.0650
0 0.322917 0.260417 0.300130 0.237630 0.379883 0.157878 0.402669 0.180664 0.0677
0 0.784321 0.475066 0.723093 0.432581 0.737667 0.411577 0.798895 0.454062 0.8387
0 0.424479 0.350260 0.332552 0.304297 0.348438 0.272526 0.440365 0.318490 0.0657
0 0.502122 0.234795 0.407088 0.186060 0.423465 0.154127 0.518498 0.202862 0.1216
