0 0.696538 0.994903 0.695641 0.973375 0.732280 0.971848 0.733177 0.993377 0.0573
0 0.999349 0.934896 0.988932 0.934896 0.988932 0.893229 0.999349 0.893229 0.0619
0 0.647333 0.999425 0.622531 0.982647 0.635354 0.963691 0.660156 0.980469 0.0586
0 0.924479 0.999349 0.902344 0.999349 0.902344 0.992188 0.924479 0.992188 0.0944
0 0.922526 0.999349 0.866536 0.999349 0.866536 0.984375 0.922526 0.984375 0.2302
0 0.999349 0.934896 0.989583 0.934896 0.989583 0.894531 0.999349 0.894531 0.0659
0 0.765625 0.984375 0.738932 0.984375 0.738932 0.919271 0.765625 0.919271 0.0513
0 0.733325 0.995562 0.628967 0.988302 0.630992 0.959197 0.735350 0.966457 0.0577
0 0.924479 0.999349 0.903646 0.999349 0.903646 0.992839 0.924479 0.992839 0.0855
0 0.999349 0.964844 0.992188 0.964844 0.992188 0.932943 0.999349 0.932943 0.0599
0 0.999349 0.963542 0.991536 0.963542 0.991536 0.930339 0.999349 0.930339 0.0718
0 0.999349 0.964844 0.992838 0.964844 0.992838 0.938151 0.999349 0.938151 0.0682
0 0.709942 0.994715 0.705614 0.977405 0.721546 0.973422 0.725873 0.990732 0.1568
0 0.999349 0.963542 0.991536 0.963542 0.991536 0.929036 0.999349 0.929036 0.0770
0 0.615885 0.950521 0.582031 0.950521 0.582031 0.919922 0.615885 0.919922 0.1153
0 0.589072 0.959927 0.577592 0.936011 0.605975 0.922387 0.617455 0.946304 0.0503
0 0.999349 0.931641 0.988932 0.931641 0.988932 0.886719 0.999349 0.886719 0.0542
0 0.720052 0.155599 0.705729 0.155599 0.705729 0.143229 0.720052 0.143229 0.0513
0 0.651849 1.000000 0.621974 0.982402 0.635998 0.960525 0.665873 0.979676 0.0703
0 0.999349 0.961589 0.988932 0.961589 0.988932 0.891276 0.999349 0.891276 0.1155
0 0.999349 0.966146 0.992188 0.966146 0.992188 0.938151 0.999349 0.938151 0.0566
0 0.731771 0.994141 0.692057 0.994141 0.692057 0.972656 0.731771 0.972656 0.0598
0 0.726562 0.994141 0.688802 0.994141 0.688802 0.973958 0.726562 0.973958 0.0568
0 0.647135 0.986328 0.626302 0.986328 0.626302 0.916016 0.647135 0.916016 0.0552
0 0.881510 0.999349 0.865234 0.999349 0.865234 0.990234 0.881510 0.990234 0.0503
0 0.729167 0.993490 0.703125 0.993490 0.703125 0.972656 0.729167 0.972656 0.0656
0 0.900391 0.999349 0.879557 0.999349 0.879557 0.985026 0.900391 0.985026 0.0947
0 0.722656 0.992839 0.708333 0.992839 0.708333 0.977865 0.722656 0.977865 0.0973
0 0.999349 0.965495 0.992839 0.965495 0.992839 0.938151 0.999349 0.938151 0.0664
0 0.999349 0.963542 0.992188 0.963542 0.992188 0.936198 0.999349 0.936198 0.0645
0 0.901693 0.999349 0.867839 0.999349 0.867839 0.984375 0.901693 0.984375 0.2365
