0 0.793620 0.190755 0.759115 0.190755 0.759115 0.159505 0.793620 0.159505 0.0599
0 0.999349 0.712240 0.904297 0.712240 0.904297 0.077474 0.999349 0.077474 0.0804
0 0.897729 0.774288 0.838411 0.511312 0.935243 0.489471 0.994560 0.752446 0.0779
0 0.999349 0.735677 0.902995 0.735677 0.902995 0.076172 0.999349 0.076172 0.2058
0 0.999349 0.733073 0.903646 0.733073 0.903646 0.076823 0.999349 0.076823 0.7586
0 0.276693 0.557943 0.259115 0.557943 0.259115 0.542969 0.276693 0.542969 0.0506
0 0.906999 0.838198 0.894015 0.834488 0.897799 0.821246 0.910783 0.824956 0.0595
0 0.999349 0.738932 0.902995 0.738932 0.902995 0.076172 0.999349 0.076172 0.0920
0 0.999349 0.999349 0.847656 0.999349 0.847656 0.076823 0.999349 0.076823 0.3429
0 0.954362 0.966992 0.949961 0.936185 0.975026 0.932604 0.979427 0.963412 0.0694
0 0.929419 1.000000 0.843117 0.516681 0.942060 0.499180 1.000000 0.987077 0.1348
0 0.999349 0.999349 0.847005 0.999349 0.847005 0.076823 0.999349 0.076823 0.0525
0 0.865215 0.619703 0.845332 0.526912 0.937945 0.507066 0.957828 0.599857 0.0934
0 0.999349 0.731771 0.902995 0.731771 0.902995 0.076172 0.999349 0.076172 0.0575
0 0.736679 0.055789 0.730218 0.023488 0.762144 0.017102 0.768605 0.049404 0.0592
