0 0.645833 0.829427 0.596748 0.801817 0.606676 0.784167 0.655761 0.811777 0.1041
0 0.734545 0.839418 0.672851 0.826565 0.677206 0.805662 0.738900 0.818515 0.1366
0 0.933554 1.000000 0.450765 0.846304 0.485185 0.756420 0.967973 0.941295 0.2523
0 0.694661 0.823568 0.674479 0.823568 0.674479 0.811198 0.694661 0.811198 0.1055
0 0.805091 0.890276 0.744909 0.858179 0.762570 0.825064 0.822752 0.857161 0.0791
0 0.813151 0.878906 0.790365 0.878906 0.790365 0.860677 0.813151 0.860677 0.0537
0 0.806230 0.862861 0.777384 0.854748 0.781584 0.839815 0.810430 0.847928 0.0581
0 0.694010 0.823568 0.674479 0.823568 0.674479 0.811198 0.694010 0.811198 0.0855
0 0.810585 0.883310 0.758042 0.870175 0.762983 0.850414 0.815525 0.863549 0.8510
0 0.735457 0.839639 0.701165 0.831570 0.705247 0.814225 0.739538 0.822293 0.0595
0 0.554948 0.780469 0.517969 0.752734 0.528672 0.738464 0.565651 0.766198 0.1412
0 0.741539 0.867254 0.666906 0.833669 0.681500 0.801239 0.756133 0.834823 0.0547
0 0.812608 0.880868 0.776616 0.877869 0.778224 0.858580 0.814215 0.861580 0.1115
0 0.741539 0.867254 0.666906 0.833669 0.681609 0.800995 0.756242 0.834580 0.0553
0 0.744485 0.864507 0.701287 0.853707 0.706572 0.832567 0.749770 0.843367 0.1357
0 0.813151 0.879557 0.787109 0.879557 0.787109 0.860677 0.813151 0.860677 0.0615
0 0.987577 0.924415 0.975303 0.909687 0.985613 0.901095 0.997887 0.915823 0.1352
0 0.741813 0.868093 0.666638 0.834265 0.681609 0.800995 0.756784 0.834824 0.0597
0 0.721820 0.853654 0.688126 0.843670 0.692343 0.829439 0.726036 0.839423 0.1574
0 0.694661 0.822917 0.674479 0.822917 0.674479 0.811198 0.694661 0.811198 0.0842
0 0.616660 0.809882 0.596953 0.802715 0.601553 0.790065 0.621260 0.797231 0.0516
0 0.618416 0.810154 0.597177 0.804086 0.601157 0.790156 0.622396 0.796224 0.0540
0 0.777995 0.869792 0.756118 0.866875 0.758023 0.852589 0.779900 0.855506 0.1131
0 0.811139 0.882849 0.759978 0.871043 0.764455 0.851643 0.815616 0.863449 0.1695
0 0.609577 0.808173 0.598325 0.795314 0.605192 0.789304 0.616444 0.802164 0.0505
0 0.804220 0.861152 0.752865 0.849740 0.757522 0.828784 0.808877 0.840196 0.1101
0 0.792271 0.945252 0.574117 0.902544 0.594342 0.799233 0.812496 0.841941 0.0521
0 0.804087 0.861226 0.753192 0.850162 0.757798 0.828971 0.808694 0.840035 0.1402
0 0.741788 0.868147 0.666614 0.834319 0.681609 0.800995 0.756784 0.834824 0.1011
0 0.961367 1.000000 0.449871 0.847301 0.485441 0.755580 0.996936 0.953938 0.0927
0 0.777506 0.869360 0.755380 0.866041 0.757453 0.852225 0.779579 0.855544 0.0707
0 0.742068 0.863245 0.687775 0.846957 0.693545 0.827725 0.747838 0.844013 0.1287
0 0.744767 0.864669 0.725334 0.859117 0.731304 0.838222 0.750737 0.843775 0.0636
0 0.743026 0.865386 0.722264 0.857600 0.729836 0.837409 0.750597 0.845195 0.0975
0 0.645414 0.830271 0.597067 0.800519 0.607640 0.783337 0.655987 0.813089 0.9013
0 0.743359 0.864974 0.688281 0.846615 0.695052 0.826302 0.750130 0.844661 0.8679
0 0.743638 0.864597 0.726577 0.858576 0.733536 0.838858 0.750597 0.844880 0.0525
0 0.694883 0.824622 0.672552 0.821432 0.674362 0.808763 0.696693 0.811953 0.0799
0 0.740950 0.867608 0.666317 0.832780 0.681603 0.800026 0.756235 0.834854 0.0510
0 0.787620 0.856313 0.752569 0.850472 0.756018 0.829779 0.791068 0.835621 0.0899
0 0.734226 0.840834 0.672529 0.826394 0.677490 0.805198 0.739187 0.819638 0.8698
0 0.690651 0.842526 0.687995 0.838985 0.693307 0.835000 0.695964 0.838542 0.0547
0 0.741818 0.867530 0.666794 0.834186 0.681480 0.801144 0.756504 0.834488 0.0758
0 0.804634 0.862085 0.753786 0.850529 0.758608 0.829312 0.809456 0.840868 0.8447
0 0.555052 0.780547 0.517969 0.752734 0.528516 0.738672 0.565599 0.766484 0.8822
0 0.744386 0.864374 0.725813 0.859068 0.731685 0.838517 0.750258 0.843824 0.0631
