0 0.682087 0.847326 0.673231 0.823710 0.683077 0.820018 0.691932 0.843634 0.0530
0 0.964541 0.538737 0.881070 0.423842 0.910185 0.402690 0.993656 0.517585 0.0883
0 0.806804 0.918872 0.790757 0.915468 0.800092 0.871460 0.816139 0.874865 0.0860
0 0.031931 0.928253 0.000000 0.861764 0.012528 0.847571 0.054445 0.914060 0.1023
0 0.674154 0.846680 0.662240 0.810938 0.676693 0.806120 0.688607 0.841862 0.0739
0 0.810473 0.964014 0.592134 0.896920 0.647075 0.718131 0.865413 0.785225 0.0572
0 0.042969 0.944010 0.000000 0.944010 0.000000 0.850911 0.042969 0.850911 0.1764
0 0.020833 0.944661 0.000000 0.944661 0.000000 0.877604 0.020833 0.877604 0.0664
0 0.801406 0.890779 0.798516 0.871993 0.812556 0.869833 0.815447 0.888619 0.1438
0 0.658008 0.955143 0.645508 0.917643 0.658594 0.913281 0.671094 0.950781 0.3244
0 0.020182 0.944661 0.000000 0.944661 0.000000 0.879557 0.020182 0.879557 0.5306
0 0.687775 0.891602 0.667308 0.871755 0.713786 0.823824 0.734254 0.843672 0.0523
0 0.802843 0.946720 0.783053 0.945243 0.787457 0.886230 0.807247 0.887707 0.0655
0 0.785482 0.835612 0.747421 0.828000 0.751578 0.807217 0.789638 0.814829 0.0734
0 0.763954 0.831017 0.747697 0.816672 0.754157 0.809351 0.770414 0.823696 0.0504
0 0.833264 0.991870 0.624370 0.979305 0.640117 0.717520 0.849011 0.730085 0.0593
0 0.681901 0.848177 0.663411 0.811198 0.675391 0.805208 0.693880 0.842188 0.3601
0 0.614760 0.902794 0.585858 0.748318 0.821969 0.704142 0.850871 0.858618 0.0905
0 0.788535 0.824782 0.754751 0.819151 0.756440 0.809016 0.790224 0.814647 0.0622
0 0.650223 0.944225 0.649099 0.919507 0.655390 0.919221 0.656513 0.943939 0.0604
0 0.797802 0.963177 0.615129 0.748267 0.696731 0.678905 0.879404 0.893815 0.0560
0 0.786183 0.826247 0.750376 0.819086 0.752654 0.807692 0.788462 0.814854 0.0743
0 0.031468 0.929088 0.000000 0.861759 0.012874 0.847468 0.054553 0.914797 0.5880
0 0.786433 0.830854 0.748998 0.823367 0.752103 0.807842 0.789538 0.815329 0.3059
0 0.042969 0.944010 0.000000 0.944010 0.000000 0.850911 0.042969 0.850911 0.0514
