0 0.061774 0.071444 0.023382 0.062410 0.031690 0.027103 0.070082 0.036136 0.0608
0 0.643880 0.142578 0.643229 0.142578 0.643229 0.132812 0.643880 0.132812 0.0619
0 0.120868 0.357256 0.104074 0.344941 0.135370 0.302266 0.152163 0.314581 0.0884
0 0.647662 0.136549 0.623152 0.132779 0.627314 0.105725 0.651824 0.109495 0.0792
0 0.361151 0.465262 0.327797 0.435832 0.359982 0.399356 0.393336 0.428786 0.0517
0 0.088872 0.995348 0.054145 0.977516 0.058843 0.968368 0.093569 0.986200 0.1018
0 0.329026 0.485076 0.313001 0.461038 0.337190 0.444912 0.353215 0.468950 0.1205
0 0.532281 0.138466 0.500447 0.130039 0.511038 0.090027 0.542872 0.098454 0.1396
0 0.013672 0.151042 0.000000 0.151042 0.000000 0.114583 0.013672 0.114583 0.1668
0 0.097005 0.114583 0.080729 0.114583 0.080729 0.087891 0.097005 0.087891 0.0988
0 0.654948 0.007812 0.639974 0.007812 0.639974 0.000000 0.654948 0.000000 0.2392
0 0.033737 0.070233 0.032030 0.030961 0.061159 0.029695 0.062866 0.068966 0.0696
0 0.771979 0.333260 0.731063 0.314005 0.749786 0.274218 0.790702 0.293472 0.0619
0 0.241742 0.135738 0.219053 0.127230 0.229836 0.098477 0.252524 0.106985 0.1097
0 0.426323 0.551708 0.386268 0.493852 0.419208 0.471047 0.459263 0.528904 0.0829
0 0.088902 0.996867 0.077642 0.987217 0.082698 0.981319 0.093957 0.990970 0.0840
0 0.067735 0.141536 0.036009 0.119797 0.067062 0.074475 0.098789 0.096214 0.0782
0 0.636180 0.175560 0.609677 0.168794 0.625966 0.104995 0.652469 0.111762 0.5639
0 0.169386 0.885225 0.168832 0.873595 0.192990 0.872444 0.193544 0.884075 0.1532
0 0.123407 0.357432 0.106304 0.347277 0.136563 0.296315 0.153666 0.306470 0.0929
0 0.192253 0.889388 0.168903 0.887592 0.169466 0.880273 0.192816 0.882069 0.0632
0 0.194010 0.809245 0.175781 0.809245 0.175781 0.779297 0.194010 0.779297 0.1522
0 0.067708 0.981771 0.055339 0.981771 0.055339 0.973307 0.067708 0.973307 0.0613
0 0.066686 0.996637 0.057943 0.991536 0.060918 0.986436 0.069661 0.991536 0.0656
0 0.063802 0.981771 0.053786 0.979768 0.055238 0.972506 0.065254 0.974509 0.1132
0 0.201823 0.381510 0.174479 0.354167 0.195638 0.333008 0.222982 0.360352 0.0988
0 0.014323 0.149089 0.000000 0.149089 0.000000 0.114583 0.014323 0.114583 0.0502
0 0.635152 0.173805 0.609777 0.166404 0.627277 0.106404 0.652652 0.113805 0.1337
0 0.083497 0.153495 0.043780 0.143808 0.059411 0.079722 0.099128 0.089409 0.2027
0 0.157754 0.417731 0.146229 0.401596 0.156576 0.394206 0.168101 0.410341 0.0738
0 0.228740 0.355709 0.200641 0.340383 0.222188 0.300881 0.250286 0.316207 0.0955
0 0.089156 0.999102 0.052284 0.981751 0.058408 0.968739 0.095279 0.986090 0.0977
0 0.241197 0.137012 0.217621 0.127188 0.230238 0.096909 0.253814 0.106732 0.0505
0 0.116445 0.830716 0.088555 0.826732 0.090456 0.813425 0.118346 0.817409 0.0739
0 0.193730 0.888794 0.168341 0.887458 0.168917 0.876523 0.194305 0.877860 0.1304
0 0.639608 0.820205 0.632812 0.802083 0.638734 0.799863 0.645530 0.817985 0.0834
0 0.090495 1.000000 0.052474 0.981641 0.058854 0.968880 0.096875 0.987891 0.7110
0 0.032146 0.077221 0.011855 0.051012 0.043645 0.026400 0.063936 0.052609 0.0659
0 0.195312 0.807943 0.175130 0.807943 0.175130 0.762370 0.195312 0.762370 0.1784
0 0.194884 0.310759 0.193861 0.267799 0.218912 0.267202 0.219934 0.310162 0.0621
0 0.363678 0.243823 0.332714 0.229532 0.349806 0.192499 0.380770 0.206790 0.0594
0 0.068179 0.981911 0.054637 0.980218 0.055609 0.972446 0.069151 0.974139 0.0986
0 0.056756 0.124611 0.040526 0.091501 0.082560 0.070896 0.098790 0.104006 0.0597
0 0.194010 0.884766 0.169271 0.884766 0.169271 0.873698 0.194010 0.873698 0.1310
0 0.061148 0.071214 0.023713 0.063727 0.030849 0.028045 0.068284 0.035532 0.0711
0 0.929688 0.151042 0.888672 0.151042 0.888672 0.110026 0.929688 0.110026 0.0523
0 0.304101 0.169411 0.279146 0.154054 0.300829 0.118819 0.325783 0.134176 0.0758
0 0.214819 0.325417 0.183456 0.319570 0.194678 0.259382 0.226040 0.265230 0.0512
0 0.078125 0.999349 0.053385 0.999349 0.053385 0.985026 0.078125 0.985026 0.2591
0 0.194661 0.800130 0.184245 0.800130 0.184245 0.767578 0.194661 0.767578 0.0714
0 0.632161 0.192057 0.621094 0.192057 0.621094 0.176432 0.632161 0.176432 0.1121
0 0.383609 0.173872 0.379896 0.131170 0.418384 0.127823 0.422097 0.170525 0.0658
0 0.117188 0.829427 0.089844 0.829427 0.089844 0.817708 0.117188 0.817708 0.2016
0 0.194010 0.886719 0.168620 0.886719 0.168620 0.875000 0.194010 0.875000 0.6732
0 0.471130 0.495955 0.457896 0.480074 0.478323 0.463051 0.491558 0.478932 0.1309
0 0.032370 0.078099 0.011901 0.050807 0.044089 0.026667 0.064557 0.053958 0.0777
0 0.053135 0.386769 0.030749 0.371845 0.045773 0.349309 0.068159 0.364233 0.0736
0 0.632161 0.192057 0.621094 0.192057 0.621094 0.176432 0.632161 0.176432 0.0930
0 0.194010 0.785807 0.179036 0.785807 0.179036 0.761719 0.194010 0.761719 0.0519
0 0.044096 0.133484 0.017762 0.125681 0.034293 0.069888 0.060627 0.077691 0.1846
0 0.532713 0.137642 0.515169 0.133115 0.525037 0.094877 0.542581 0.099404 0.1168
0 0.211615 0.323267 0.184523 0.317424 0.195518 0.266448 0.222610 0.272291 0.0857
0 0.229297 0.355208 0.200911 0.341016 0.222266 0.298307 0.250651 0.312500 0.0940
0 0.195964 0.886068 0.175130 0.886068 0.175130 0.876953 0.195964 0.876953 0.0523
0 0.241635 0.347438 0.206000 0.340958 0.211115 0.312828 0.246750 0.319307 0.0756
0 0.233694 0.354229 0.202874 0.339726 0.222630 0.297744 0.253451 0.312247 0.0591
0 0.124406 0.356211 0.103628 0.345097 0.130742 0.294405 0.151521 0.305519 0.0591
0 0.090234 0.998568 0.053255 0.980078 0.058984 0.968620 0.095964 0.987109 0.1758
0 0.080729 0.999349 0.053385 0.999349 0.053385 0.983724 0.080729 0.983724 0.2296
0 0.635761 0.175054 0.610026 0.168620 0.625689 0.105967 0.651425 0.112400 0.0682
0 0.037109 0.064453 0.016927 0.064453 0.016927 0.042969 0.037109 0.042969 0.1479
0 0.194010 0.807292 0.175781 0.807292 0.175781 0.764323 0.194010 0.764323 0.0790
0 0.633464 0.192708 0.620443 0.192708 0.620443 0.175130 0.633464 0.175130 0.0579
0 0.077474 0.999349 0.053385 0.999349 0.053385 0.985026 0.077474 0.985026 0.2187
0 0.238113 0.338561 0.208993 0.322495 0.224129 0.295061 0.253249 0.311127 0.0697
0 0.062500 0.068359 0.030599 0.068359 0.030599 0.029297 0.062500 0.029297 0.0639
0 0.237109 0.343490 0.206901 0.328385 0.223438 0.295313 0.253646 0.310417 0.0588
0 0.124940 0.356708 0.105259 0.346399 0.132057 0.295239 0.151738 0.305548 0.0603
0 0.062432 0.068562 0.030501 0.066008 0.033482 0.028746 0.065413 0.031301 0.0639
0 0.186933 0.251702 0.161668 0.248815 0.166572 0.205904 0.191837 0.208792 0.0891
0 0.070104 0.149867 0.043496 0.143416 0.058917 0.079801 0.085526 0.086252 0.1299
0 0.361290 0.437002 0.350720 0.434360 0.355354 0.415824 0.365924 0.418467 0.0635
0 0.065755 0.993490 0.055339 0.993490 0.055339 0.989583 0.065755 0.989583 0.0534
0 0.632161 0.192708 0.621094 0.192708 0.621094 0.176432 0.632161 0.176432 0.0761
0 0.629008 0.842063 0.614958 0.817978 0.622082 0.813822 0.636132 0.837908 0.3371
0 0.080078 0.999349 0.053385 0.999349 0.053385 0.983724 0.080078 0.983724 0.0842
0 0.367825 0.243627 0.336815 0.234189 0.349462 0.192635 0.380472 0.202073 0.0626
0 0.627428 0.840049 0.615541 0.817265 0.622794 0.813481 0.634682 0.836265 0.0663
0 0.068095 0.997026 0.053421 0.994581 0.054775 0.986451 0.069450 0.988897 0.0537
0 0.054266 0.386336 0.031576 0.372721 0.045305 0.349839 0.067996 0.363454 0.0704
0 0.636068 0.170573 0.612102 0.166579 0.621956 0.107457 0.645921 0.111451 0.0789
0 0.066565 0.214022 0.035965 0.205097 0.052925 0.146947 0.083525 0.155872 0.0849
0 0.195312 0.808594 0.175130 0.808594 0.175130 0.762370 0.195312 0.762370 0.8593
0 0.245590 0.060701 0.220761 0.046437 0.242533 0.008537 0.267362 0.022801 0.0929
0 0.081380 0.999349 0.052734 0.999349 0.052734 0.983724 0.081380 0.983724 0.1717
0 0.240818 0.136876 0.217796 0.127009 0.230559 0.097230 0.253581 0.107096 0.0580
