0 0.667959 0.990586 0.640411 0.980568 0.647121 0.962116 0.674669 0.972134 0.0713
0 0.975912 0.370443 0.970378 0.364909 0.974609 0.360677 0.980143 0.366211 0.0570
0 0.823728 0.286438 0.820032 0.256871 0.830449 0.255569 0.834145 0.285136 0.2317
0 0.843410 0.288291 0.839113 0.253916 0.849770 0.252584 0.854067 0.286959 0.1590
0 0.830078 0.287109 0.820964 0.287109 0.820964 0.256510 0.830078 0.256510 0.1711
0 0.855143 0.034180 0.835287 0.014323 0.847656 0.001953 0.867513 0.021810 0.0957
0 0.844167 0.286771 0.839284 0.252591 0.851406 0.250859 0.856289 0.285039 0.1705
0 0.857422 0.033203 0.839518 0.015299 0.852214 0.002604 0.870117 0.020508 0.1995
0 0.858323 0.028696 0.839139 0.020702 0.848327 0.000000 0.867511 0.006645 0.1418
0 0.827887 0.028455 0.815342 0.018420 0.835922 0.000000 0.848466 0.002731 0.3704
0 0.857102 0.286393 0.853081 0.252891 0.862631 0.251745 0.866651 0.285247 0.2985
0 0.881575 0.032357 0.862435 0.007747 0.875100 0.000000 0.894241 0.022506 0.0997
0 0.844648 0.287309 0.839406 0.252710 0.851363 0.250898 0.856605 0.285497 0.3027
0 0.933997 0.088732 0.910491 0.068164 0.920210 0.057056 0.943717 0.077624 0.2598
0 0.662104 0.346924 0.660701 0.324470 0.693977 0.322390 0.695381 0.344844 0.0801
0 0.860986 0.285544 0.858937 0.252754 0.868786 0.252138 0.870835 0.284928 0.2259
0 0.884740 0.030417 0.854740 0.007917 0.864896 0.000000 0.894896 0.016875 0.1822
0 0.843481 0.288405 0.839424 0.253917 0.850605 0.252602 0.854662 0.287089 0.1499
0 0.792318 0.252604 0.763021 0.252604 0.763021 0.236979 0.792318 0.236979 0.0793
0 0.872890 0.033787 0.852084 0.019483 0.859796 0.008265 0.880602 0.022569 0.1136
0 0.839844 0.289062 0.829427 0.289062 0.829427 0.251953 0.839844 0.251953 0.0589
0 0.446517 0.053497 0.423234 0.013584 0.443596 0.001707 0.466878 0.041619 0.0567
0 0.850181 0.032616 0.835128 0.013799 0.849022 0.002684 0.864075 0.021500 0.1065
0 0.840255 0.287259 0.839153 0.251975 0.849681 0.251646 0.850784 0.286930 0.2841
0 0.848307 0.287109 0.837891 0.287109 0.837891 0.251953 0.848307 0.251953 0.1667
0 0.819823 0.279421 0.818859 0.255319 0.828349 0.254939 0.829313 0.279041 0.0855
0 0.835668 0.029031 0.827675 0.001856 0.848683 0.000000 0.856675 0.022853 0.0853
0 0.856104 0.286282 0.853057 0.252764 0.862449 0.251910 0.865496 0.285428 0.3360
0 0.840905 0.289093 0.836358 0.252714 0.849339 0.251092 0.853886 0.287470 0.0643
0 0.884845 0.030011 0.854675 0.005875 0.864710 0.000000 0.894881 0.017467 0.2580
0 0.844245 0.287318 0.839297 0.252682 0.851419 0.250951 0.856367 0.285586 0.1712
0 0.799119 0.270553 0.796054 0.246034 0.821935 0.242798 0.825000 0.267318 0.0567
0 0.910807 0.063151 0.896484 0.048828 0.903646 0.041667 0.917969 0.055990 0.1122
0 0.859941 0.285519 0.856974 0.252882 0.866366 0.252028 0.869333 0.284665 0.2640
0 0.805078 0.227734 0.800521 0.214063 0.826497 0.205404 0.831055 0.219076 0.1040
0 0.861301 0.029877 0.840357 0.020356 0.850167 0.000000 0.871112 0.008294 0.0670
0 0.849565 0.286556 0.845727 0.252973 0.856229 0.251773 0.860068 0.285356 0.3987
0 0.979818 0.371094 0.972005 0.371094 0.972005 0.361328 0.979818 0.361328 0.0508
0 0.860026 0.287109 0.841797 0.287109 0.841797 0.251302 0.860026 0.251302 0.0672
0 0.858449 0.029298 0.837149 0.021451 0.845052 0.000000 0.866352 0.007847 0.0928
0 0.843636 0.288202 0.837344 0.252547 0.852869 0.249808 0.859161 0.285462 0.0685
0 0.883033 0.030536 0.868490 0.007813 0.878891 0.001156 0.893434 0.023879 0.0863
0 0.851537 0.286852 0.848127 0.252752 0.859214 0.251644 0.862624 0.285743 0.1153
0 0.843838 0.287637 0.838049 0.252903 0.850612 0.250809 0.856401 0.285543 0.3019
0 0.933913 0.088753 0.911324 0.068674 0.920770 0.058046 0.943359 0.078125 0.1433
0 0.859409 0.034393 0.839986 0.016049 0.852047 0.003279 0.871470 0.021622 0.1682
0 0.849609 0.287109 0.839193 0.287109 0.839193 0.252604 0.849609 0.252604 0.3037
0 0.977865 0.369141 0.973307 0.369141 0.973307 0.361979 0.977865 0.361979 0.0549
0 0.845703 0.287760 0.833333 0.287760 0.833333 0.251953 0.845703 0.251953 0.3264
0 0.804688 0.004557 0.794922 0.004557 0.794922 0.000000 0.804688 0.000000 0.2110
0 0.862044 0.026497 0.842904 0.020117 0.850130 0.000000 0.869271 0.004818 0.1378
0 0.807943 0.227865 0.788411 0.227865 0.788411 0.181641 0.807943 0.181641 0.0545
0 0.011719 0.616536 0.000000 0.616536 0.000000 0.608724 0.011719 0.608724 0.0736
0 0.883789 0.045898 0.877930 0.040039 0.884440 0.033529 0.890300 0.039388 0.0650
0 0.860991 0.285673 0.858257 0.252860 0.868117 0.252038 0.870851 0.284851 0.1814
0 0.675094 0.984502 0.640291 0.981718 0.642294 0.956670 0.677098 0.959454 0.0662
0 0.848738 0.287300 0.844481 0.253245 0.855379 0.251883 0.859636 0.285938 0.1088
0 0.827788 0.027985 0.815419 0.017800 0.836129 0.000000 0.848498 0.002838 0.0837
0 0.844034 0.286637 0.839338 0.251413 0.851790 0.249753 0.856486 0.284977 0.0897
0 0.855276 0.028457 0.835352 0.020155 0.844617 0.000000 0.864541 0.006221 0.0815
0 0.466657 0.202263 0.399912 0.150118 0.413069 0.133277 0.479814 0.185422 0.0747
0 0.888021 0.044271 0.878906 0.044271 0.878906 0.024089 0.888021 0.024089 0.0576
0 0.838244 0.286691 0.837160 0.251996 0.847566 0.251671 0.848650 0.286366 0.2307
0 0.827849 0.026903 0.817096 0.018680 0.834023 0.000000 0.844776 0.004768 0.0703
0 0.691492 0.985429 0.640507 0.982596 0.642001 0.955697 0.692987 0.958530 0.0715
0 0.863827 0.285773 0.858905 0.253778 0.869178 0.252198 0.874101 0.284193 0.1629
0 0.847228 0.032115 0.832395 0.007684 0.848858 0.000000 0.863690 0.022120 0.0670
0 0.830078 0.289714 0.820312 0.289714 0.820312 0.256510 0.830078 0.256510 0.1345
0 0.990370 0.207515 0.960578 0.179645 0.973643 0.165679 1.000000 0.193549 0.1450
0 0.882238 0.031897 0.850718 0.003879 0.862751 0.000000 0.894271 0.018359 0.6663
0 0.931867 0.089854 0.896059 0.050791 0.906731 0.041008 0.942539 0.080071 0.2173
0 0.863959 0.283526 0.861409 0.252923 0.871377 0.252092 0.873927 0.282696 0.4072
0 0.845348 0.287374 0.840759 0.252960 0.853553 0.251254 0.858141 0.285668 0.2056
0 0.685008 0.978561 0.657395 0.967515 0.663322 0.952698 0.690935 0.963744 0.0689
0 0.932943 0.089844 0.909180 0.066081 0.919596 0.055664 0.943359 0.079427 0.1795
0 0.843301 0.287254 0.839325 0.252459 0.850948 0.251130 0.854924 0.285925 0.2149
0 0.882643 0.034932 0.839396 0.021274 0.847258 0.000000 0.890505 0.010036 0.0911
0 0.069293 0.833585 0.046704 0.813506 0.086324 0.768934 0.108913 0.789013 0.0664
0 0.839553 0.287276 0.838483 0.251975 0.848930 0.251658 0.849999 0.286959 0.2531
0 0.850911 0.288411 0.841146 0.288411 0.841146 0.254557 0.850911 0.254557 0.1363
0 0.830078 0.286458 0.821615 0.286458 0.821615 0.256510 0.830078 0.256510 0.2118
0 0.932943 0.089844 0.895182 0.052083 0.905273 0.041992 0.943034 0.079753 0.8619
0 0.852760 0.286380 0.847982 0.252930 0.858555 0.251419 0.863333 0.284870 0.3997
0 0.839844 0.288411 0.830729 0.288411 0.830729 0.252604 0.839844 0.252604 0.4158
0 0.838881 0.287286 0.837873 0.251991 0.848393 0.251690 0.849401 0.286985 0.1985
0 0.845139 0.287346 0.839847 0.252954 0.852567 0.250997 0.857858 0.285390 0.0902
0 0.884945 0.030761 0.859479 0.007841 0.869936 0.000000 0.895402 0.019143 0.0921
0 0.845934 0.286618 0.841624 0.253215 0.853460 0.251687 0.857771 0.285090 0.3810
0 0.804688 0.004557 0.794922 0.004557 0.794922 0.000000 0.804688 0.000000 0.2151
0 0.830078 0.289062 0.819661 0.289062 0.819661 0.256510 0.830078 0.256510 0.1194
0 0.829404 0.288764 0.826716 0.253814 0.835677 0.253125 0.838365 0.288074 0.3830
0 0.844714 0.287344 0.839844 0.253255 0.852148 0.251497 0.857018 0.285586 0.2037
0 0.838763 0.286954 0.836232 0.251514 0.846966 0.250747 0.849497 0.286187 0.3086
0 0.860938 0.027865 0.839648 0.020768 0.845833 0.002214 0.867122 0.009310 0.2143
0 0.845065 0.287201 0.840208 0.253203 0.852422 0.251458 0.857279 0.285456 0.2608
0 0.836462 0.031302 0.824764 0.002707 0.845957 0.000000 0.857655 0.022632 0.0545
0 0.850911 0.287109 0.840495 0.287109 0.840495 0.251953 0.850911 0.251953 0.3462
0 0.849404 0.031188 0.835176 0.010493 0.849765 0.000463 0.863993 0.021158 0.1321
0 0.843750 0.288411 0.830729 0.288411 0.830729 0.251953 0.843750 0.251953 0.0593
0 0.884115 0.046875 0.878255 0.041016 0.884440 0.034831 0.890300 0.040690 0.0503
0 0.912545 0.063394 0.896502 0.049133 0.902788 0.042062 0.918831 0.056322 0.0712
0 0.882919 0.042981 0.856642 0.017899 0.866338 0.007741 0.892615 0.032824 0.0904
0 0.847005 0.287760 0.835938 0.287760 0.835938 0.259766 0.847005 0.259766 0.2021
0 0.859386 0.286206 0.854419 0.253918 0.863225 0.252563 0.868192 0.284851 0.0962
0 0.854622 0.035872 0.833462 0.009192 0.849448 0.000000 0.870609 0.023194 0.0822
0 0.915365 0.068359 0.896462 0.048729 0.904018 0.041453 0.922921 0.061083 0.0891
0 0.857422 0.288411 0.844401 0.288411 0.844401 0.261068 0.857422 0.261068 0.0642
0 0.804688 0.004557 0.794922 0.004557 0.794922 0.000000 0.804688 0.000000 0.2201
0 0.866169 0.282981 0.863898 0.253458 0.872162 0.252822 0.874433 0.282345 0.0896
0 0.842784 0.286901 0.839641 0.252327 0.850324 0.251355 0.853468 0.285930 0.2583
0 0.849609 0.287109 0.838542 0.287109 0.838542 0.251953 0.849609 0.251953 0.2083
