0 0.402784 0.727900 0.400373 0.713436 0.426450 0.709090 0.428861 0.723554 0.0560
0 0.743257 0.972230 0.730351 0.967674 0.741036 0.937400 0.753942 0.941955 0.0912
0 0.228340 0.300020 0.177895 0.268493 0.203242 0.227938 0.253687 0.259466 0.0925
0 0.018865 0.286010 0.003718 0.271873 0.008892 0.266329 0.024039 0.280466 0.0667
0 0.388196 0.033629 0.373047 0.030599 0.378781 0.001928 0.393930 0.004958 0.1056
0 0.556561 0.314987 0.491444 0.278812 0.513678 0.238791 0.578795 0.274967 0.0672
0 0.516927 0.378255 0.501302 0.378255 0.501302 0.360026 0.516927 0.360026 0.0624
0 0.032491 0.292885 0.002727 0.277408 0.008718 0.265887 0.038482 0.281365 0.0722
0 0.103280 0.308837 0.085899 0.296196 0.119654 0.249782 0.137035 0.262423 0.7031
0 0.040903 0.318314 0.029373 0.305343 0.052447 0.284833 0.063977 0.297804 0.0640
0 0.084719 0.310568 0.000000 0.258813 0.128158 0.000000 0.224520 0.050275 0.0693
0 0.061077 0.287241 0.020081 0.280934 0.027020 0.235828 0.068017 0.242135 0.0959
0 0.743129 0.698822 0.740395 0.463699 0.820228 0.462771 0.822962 0.697893 0.1097
0 0.810496 0.872298 0.796520 0.867931 0.805753 0.838386 0.819729 0.842754 0.0881
0 0.491449 0.386596 0.477407 0.384255 0.481683 0.358601 0.495724 0.360941 0.0554
0 0.345193 0.087837 0.327598 0.081789 0.346480 0.026858 0.364075 0.032906 0.0868
0 0.080572 0.244937 0.056392 0.237825 0.062280 0.217805 0.086460 0.224916 0.0869
0 0.203042 0.277957 0.181533 0.268029 0.199235 0.229675 0.220744 0.239602 0.0526
0 0.035547 0.317188 0.028385 0.302865 0.055990 0.289063 0.063151 0.303385 0.1440
0 0.103921 0.308826 0.086417 0.296428 0.119313 0.249986 0.136817 0.262385 0.1072
0 0.339392 0.387663 0.324073 0.380337 0.349600 0.326960 0.364920 0.334287 0.0802
0 0.025152 0.290174 0.003398 0.272771 0.011465 0.262687 0.033219 0.280091 0.1795
0 0.100337 0.308589 0.085102 0.295048 0.109384 0.267731 0.124618 0.281272 0.1095
0 0.657552 0.111328 0.643880 0.111328 0.643880 0.098958 0.657552 0.098958 0.0894
0 0.745189 0.467765 0.744093 0.457905 0.762814 0.455824 0.763910 0.465685 0.0521
0 0.133464 0.277995 0.117839 0.277995 0.117839 0.255208 0.133464 0.255208 0.0860
0 0.083112 0.307820 0.002076 0.262800 0.056094 0.165567 0.137130 0.210587 0.0650
0 0.435091 0.022201 0.420833 0.017448 0.427995 0.000000 0.442253 0.000716 0.1051
0 0.270586 0.307000 0.255500 0.300534 0.273583 0.258340 0.288670 0.264806 0.0776
0 0.100069 0.308479 0.085260 0.295016 0.108532 0.269416 0.123341 0.282879 0.0682
0 0.376832 0.180266 0.353382 0.169920 0.398109 0.068540 0.421559 0.078885 0.0834
0 0.493863 0.386555 0.477782 0.383717 0.482402 0.357533 0.498484 0.360371 0.1540
0 0.092313 0.320789 0.000000 0.248801 0.173065 0.000000 0.278957 0.046241 0.4511
0 0.994792 0.296224 0.987630 0.296224 0.987630 0.284505 0.994792 0.284505 0.0608
0 0.035547 0.317188 0.028385 0.302865 0.055990 0.289063 0.063151 0.303385 0.6612
0 0.016797 0.285547 0.002299 0.267704 0.009211 0.262088 0.023709 0.279931 0.0612
0 0.946108 0.982868 0.899128 0.949706 0.958542 0.865535 1.000000 0.898698 0.0551
0 0.467983 0.398947 0.452384 0.397387 0.455433 0.366897 0.471032 0.368457 0.1995
0 0.211589 0.053385 0.194661 0.053385 0.194661 0.018880 0.211589 0.018880 0.0590
0 0.015443 0.902370 0.000130 0.890886 0.014740 0.871406 0.030052 0.882891 0.0842
0 0.777995 0.579427 0.761068 0.579427 0.761068 0.533854 0.777995 0.533854 0.1247
0 0.823568 0.921875 0.810547 0.921875 0.810547 0.889974 0.823568 0.889974 0.0790
0 0.790365 0.835286 0.774089 0.835286 0.774089 0.804036 0.790365 0.804036 0.0747
0 0.037751 0.316715 0.031426 0.304854 0.057445 0.290977 0.063771 0.302838 0.0524
0 0.968750 0.255859 0.961589 0.255859 0.961589 0.246745 0.968750 0.246745 0.0655
0 0.513021 0.389974 0.499349 0.389974 0.499349 0.368490 0.513021 0.368490 0.0515
0 0.395833 0.186849 0.375000 0.186849 0.375000 0.170573 0.395833 0.170573 0.0982
0 0.036589 0.316667 0.030990 0.305469 0.056771 0.292578 0.062370 0.303776 0.0530
0 0.514291 0.390911 0.498785 0.389188 0.502168 0.358748 0.517673 0.360471 0.1662
0 0.463073 0.135254 0.445752 0.127669 0.504431 0.000000 0.521751 0.001257 0.0847
0 0.320443 0.028385 0.290755 0.013542 0.299740 0.000000 0.329427 0.010417 0.0712
