0 0.980056 0.283211 0.941711 0.000047 0.988015 0.000000 1.000000 0.276941 0.0513
0 0.999349 0.494141 0.965495 0.494141 0.965495 0.339844 0.999349 0.339844 0.0566
0 0.896501 1.000000 0.840486 0.456615 0.982455 0.442054 1.000000 0.988208 0.0624
0 0.979217 0.274250 0.941555 0.000069 0.987668 0.000000 1.000000 0.267916 0.0917
0 0.999349 0.999349 0.853516 0.999349 0.853516 0.445964 0.999349 0.445964 0.7146
0 0.999349 0.469401 0.966797 0.469401 0.966797 0.340495 0.999349 0.340495 0.0726
0 0.999349 0.999349 0.854167 0.999349 0.854167 0.445964 0.999349 0.445964 0.3664
0 0.978335 0.282019 0.941809 0.000032 0.988534 0.000000 1.000000 0.275966 0.0502
0 0.999349 0.469401 0.966797 0.469401 0.966797 0.340495 0.999349 0.340495 0.0512
0 0.858375 0.621081 0.829329 0.463892 0.972613 0.437416 1.000000 0.594604 0.1450
