0 0.398478 0.185963 0.395659 0.179620 0.404599 0.175647 0.407418 0.181990 0.0591
0 0.485677 0.152995 0.475000 0.147656 0.493750 0.110156 0.504427 0.115495 0.0595
0 0.401701 0.231431 0.386536 0.222511 0.403524 0.193632 0.418688 0.202553 0.0524
0 0.399740 0.184896 0.396484 0.181641 0.400065 0.178060 0.403320 0.181315 0.0556
0 0.406469 0.159052 0.385806 0.157173 0.388805 0.124184 0.409468 0.126062 0.0633
0 0.452986 0.209209 0.442047 0.196081 0.460361 0.180819 0.471301 0.193946 0.1494
0 0.409390 0.082491 0.403244 0.072246 0.417509 0.063687 0.423656 0.073932 0.1170
0 0.261693 0.222874 0.211089 0.199060 0.223187 0.173350 0.273792 0.197164 0.0539
0 0.462463 0.158438 0.442610 0.105082 0.482414 0.090271 0.502268 0.143627 0.1860
0 0.474317 0.172994 0.458341 0.163009 0.491734 0.109580 0.507710 0.119565 0.2727
0 0.396634 0.221936 0.390561 0.189547 0.438596 0.180540 0.444669 0.212930 0.0619
0 0.473322 0.112959 0.441389 0.093351 0.475054 0.038525 0.506988 0.058133 0.2783
0 0.468750 0.255208 0.447266 0.255208 0.447266 0.230469 0.468750 0.230469 0.1262
0 0.493834 0.230545 0.487079 0.222664 0.506541 0.205982 0.513297 0.213863 0.4100
0 0.482179 0.162966 0.469563 0.157198 0.491339 0.109564 0.503955 0.115331 0.0862
0 0.474258 0.172097 0.459960 0.163458 0.491315 0.111560 0.505613 0.120199 0.0745
0 0.408854 0.097656 0.383464 0.097656 0.383464 0.061849 0.408854 0.061849 0.0648
0 0.429036 0.149740 0.419271 0.149740 0.419271 0.137370 0.429036 0.137370 0.0645
0 0.403788 0.104195 0.366736 0.085031 0.386167 0.047465 0.423219 0.066630 0.0836
0 0.408854 0.097656 0.383464 0.097656 0.383464 0.052083 0.408854 0.052083 0.3365
0 0.397333 0.184662 0.396646 0.176419 0.410978 0.175225 0.411665 0.183468 0.0690
0 0.495117 0.230794 0.487630 0.223307 0.505534 0.205404 0.513021 0.212891 0.0604
0 0.462830 0.168327 0.441108 0.096955 0.490149 0.082029 0.511871 0.153401 0.0564
0 0.394531 0.058594 0.382812 0.058594 0.382812 0.048828 0.394531 0.048828 0.0619
0 0.566641 0.067370 0.549688 0.044766 0.562917 0.034844 0.579870 0.057448 0.1774
0 0.566641 0.067370 0.549687 0.044766 0.562813 0.034922 0.579766 0.057526 0.8331
0 0.373698 0.261068 0.355794 0.243164 0.373047 0.225911 0.390951 0.243815 0.1697
0 0.417677 0.205325 0.411615 0.190172 0.438555 0.179396 0.444617 0.194549 0.0816
0 0.462929 0.167678 0.441982 0.101028 0.490349 0.085827 0.511296 0.152477 0.1157
0 0.399139 0.183994 0.396835 0.180539 0.400140 0.178335 0.402444 0.181791 0.0576
