0 0.134038 0.598652 0.118490 0.536458 0.155254 0.527267 0.170803 0.589461 0.0845
0 0.711654 0.096810 0.675716 0.084831 0.682552 0.064323 0.718490 0.076302 0.8682
0 0.478603 0.267612 0.460964 0.227925 0.476609 0.220972 0.494248 0.260658 0.0892
0 0.422719 0.288586 0.392117 0.286674 0.392796 0.275811 0.423398 0.277724 0.1490
0 0.425781 0.287109 0.392578 0.287109 0.392578 0.271484 0.425781 0.271484 0.1844
0 0.276868 0.322491 0.274564 0.310973 0.297351 0.306415 0.299654 0.317934 0.0547
0 0.182382 0.273461 0.176357 0.263218 0.206373 0.245562 0.212399 0.255804 0.2459
0 0.160227 0.594744 0.115185 0.542495 0.129262 0.530360 0.174304 0.582609 0.2654
0 0.485742 0.261880 0.465024 0.230310 0.471182 0.226269 0.491900 0.257839 0.0718
0 0.425130 0.286458 0.391927 0.286458 0.391927 0.272135 0.425130 0.272135 0.1739
0 0.137798 0.365649 0.124446 0.343008 0.154927 0.325032 0.168279 0.347673 0.1051
0 0.667919 0.189854 0.659405 0.147286 0.688827 0.141401 0.697341 0.183969 0.0804
0 0.493683 0.163552 0.474891 0.160420 0.483460 0.109005 0.502252 0.112138 0.1157
0 0.113672 0.095573 0.081641 0.079557 0.087500 0.067839 0.119531 0.083854 0.6550
0 0.427207 0.324782 0.397012 0.319749 0.398649 0.309931 0.428843 0.314963 0.0905
0 0.685075 0.191608 0.667901 0.184739 0.680204 0.153983 0.697378 0.160852 0.2067
0 0.077276 0.155347 0.072053 0.144219 0.110759 0.126051 0.115982 0.137178 0.2809
0 0.712419 0.096408 0.675925 0.085460 0.682142 0.064734 0.718637 0.075682 0.1246
0 0.033203 0.014323 0.000000 0.014323 0.000000 0.003255 0.033203 0.003255 0.0678
0 0.033203 0.014323 0.000000 0.014323 0.000000 0.003255 0.033203 0.003255 0.0669
0 0.087718 0.453375 0.071206 0.426356 0.081661 0.419967 0.098173 0.446986 0.0522
0 0.727483 0.147258 0.720829 0.131575 0.759083 0.115346 0.765737 0.131029 0.0683
0 0.222086 0.982156 0.208210 0.943996 0.224258 0.938160 0.238134 0.976320 0.0860
0 0.301823 0.054818 0.294987 0.052539 0.299870 0.037891 0.306706 0.040169 0.1115
0 0.602903 0.086742 0.598690 0.069891 0.629481 0.062194 0.633693 0.079044 0.1153
0 0.452067 0.311511 0.451264 0.295471 0.500003 0.293034 0.500805 0.309074 0.0525
0 0.322786 0.087630 0.317057 0.076172 0.342839 0.063281 0.348568 0.074740 0.0700
0 0.423177 0.287109 0.391276 0.287109 0.391276 0.276042 0.423177 0.276042 0.4400
0 0.427434 0.327023 0.395508 0.320638 0.397862 0.308869 0.429788 0.315254 0.0818
0 0.396216 0.224188 0.384612 0.177773 0.398399 0.174326 0.410003 0.220741 0.4881
0 0.181641 0.343099 0.162109 0.343099 0.162109 0.297526 0.181641 0.297526 0.8278
0 0.404135 0.262891 0.354799 0.254997 0.358643 0.230977 0.407979 0.238870 0.0841
0 0.378906 0.213542 0.358724 0.213542 0.358724 0.167969 0.378906 0.167969 0.1346
0 0.421993 0.291552 0.390247 0.284750 0.393267 0.270655 0.425013 0.277458 0.1268
0 0.003864 0.584294 0.000000 0.574771 0.007812 0.563151 0.016541 0.572673 0.1079
0 0.433594 0.222005 0.414714 0.222005 0.414714 0.159505 0.433594 0.159505 0.1654
0 0.724310 0.439192 0.694254 0.432817 0.700137 0.405084 0.730192 0.411459 0.0965
0 0.087496 0.453535 0.070159 0.425796 0.080341 0.419432 0.097678 0.447171 0.0793
0 0.087513 0.455461 0.070101 0.424655 0.081299 0.418326 0.098711 0.449132 0.0759
0 0.479455 0.237521 0.460176 0.165664 0.479300 0.160533 0.498578 0.232390 0.8625
0 0.541262 0.302259 0.511332 0.280880 0.520349 0.268256 0.550280 0.289634 0.1581
0 0.442708 0.271484 0.410156 0.271484 0.410156 0.260417 0.442708 0.260417 0.4200
0 0.354818 0.113281 0.320964 0.113281 0.320964 0.098958 0.354818 0.098958 0.0815
0 0.421390 0.282045 0.402189 0.278657 0.405263 0.261238 0.424464 0.264627 0.1729
0 0.048873 0.884573 0.018676 0.880379 0.027263 0.818547 0.057461 0.822741 0.6319
0 0.400046 0.223231 0.388787 0.178194 0.401808 0.174939 0.413067 0.219975 0.1874
0 0.724282 0.439324 0.694490 0.433005 0.700373 0.405272 0.730164 0.411591 0.0902
0 0.425130 0.286458 0.392578 0.286458 0.392578 0.268229 0.425130 0.268229 0.1658
0 0.181699 0.274514 0.174938 0.263019 0.207174 0.244057 0.213935 0.255551 0.0588
0 0.397999 0.267372 0.353728 0.246538 0.366948 0.218446 0.411219 0.239279 0.0795
0 0.973713 0.350460 0.964782 0.310271 0.975812 0.307820 0.984743 0.348009 0.4169
0 0.231636 0.558908 0.208827 0.501886 0.228583 0.493983 0.251392 0.551006 0.1375
0 0.033203 0.014974 0.000000 0.014974 0.000000 0.003906 0.033203 0.003906 0.0611
0 0.848379 0.323471 0.831208 0.281972 0.851890 0.273414 0.869061 0.314912 0.0599
0 0.847160 0.324289 0.828176 0.283790 0.851928 0.272656 0.870912 0.313155 0.0566
0 0.848254 0.324546 0.830163 0.282798 0.852051 0.273313 0.870142 0.315061 0.3133
0 0.323828 0.086458 0.318359 0.075521 0.342839 0.063281 0.348307 0.074219 0.0652
0 0.114926 0.079858 0.101070 0.069961 0.114179 0.051608 0.128035 0.061506 0.1682
0 0.277918 0.322610 0.275314 0.312194 0.297526 0.306641 0.300130 0.317057 0.3766
0 0.408854 0.250651 0.358724 0.250651 0.358724 0.234375 0.408854 0.234375 0.5247
0 0.501302 0.311849 0.452474 0.311849 0.452474 0.289714 0.501302 0.289714 0.8782
0 0.483681 0.312792 0.481075 0.291073 0.496606 0.289209 0.499212 0.310928 0.1406
0 0.371788 0.119973 0.323242 0.115560 0.325307 0.092843 0.373853 0.097256 0.1248
0 0.116129 0.091656 0.081659 0.083901 0.088606 0.053026 0.123076 0.060781 0.1133
0 0.394565 0.268130 0.351265 0.245925 0.367357 0.214547 0.410657 0.236752 0.0741
0 0.408854 0.223307 0.386719 0.223307 0.386719 0.174479 0.408854 0.174479 0.1478
0 0.493771 0.161722 0.474557 0.158520 0.482897 0.108478 0.502111 0.111680 0.1112
0 0.181440 0.273087 0.175751 0.263131 0.204848 0.246504 0.210537 0.256460 0.1278
0 0.387827 0.268288 0.351710 0.245172 0.368937 0.218255 0.405054 0.241370 0.0866
0 0.113932 0.079427 0.101888 0.067383 0.117187 0.052083 0.129232 0.064128 0.1469
0 0.182771 0.271435 0.177489 0.261928 0.207117 0.245467 0.212399 0.254975 0.0969
0 0.409505 0.248698 0.366536 0.248698 0.366536 0.235026 0.409505 0.235026 0.2172
0 0.030599 0.014323 0.000000 0.014323 0.000000 0.003906 0.030599 0.003906 0.0818
0 0.075949 0.157691 0.069921 0.145867 0.110399 0.125231 0.116427 0.137055 0.0831
0 0.725186 0.139301 0.723481 0.120123 0.768109 0.116157 0.769813 0.135334 0.0636
0 0.470703 0.123698 0.457682 0.123698 0.457682 0.100260 0.470703 0.100260 0.2639
0 0.113607 0.079102 0.101888 0.067383 0.117513 0.051758 0.129232 0.063477 0.1363
0 0.384712 0.268738 0.349656 0.243497 0.369241 0.216296 0.404297 0.241536 0.1426
0 0.003336 0.584155 0.000000 0.574618 0.008367 0.564118 0.016170 0.573655 0.1004
0 0.426808 0.326247 0.395633 0.320012 0.397837 0.308994 0.429011 0.315229 0.2651
0 0.025260 0.358464 0.019401 0.346745 0.042839 0.335026 0.048698 0.346745 0.1986
0 0.361175 0.221369 0.355460 0.161366 0.392267 0.157861 0.397981 0.217863 0.0685
0 0.675781 0.182292 0.659989 0.180712 0.663766 0.142939 0.679559 0.144518 0.4474
0 0.426432 0.319661 0.401693 0.319661 0.401693 0.313802 0.426432 0.313802 0.0700
0 0.059545 0.634315 0.019239 0.598251 0.031788 0.584226 0.072094 0.620290 0.3593
0 0.532552 0.093750 0.524610 0.077865 0.572266 0.054036 0.580208 0.069922 0.8505
0 0.195190 0.147687 0.168444 0.141743 0.173683 0.118168 0.200429 0.124112 0.1190
0 0.380545 0.218253 0.376856 0.169067 0.392847 0.167867 0.396536 0.217053 0.1160
0 0.184225 0.344131 0.167165 0.339794 0.179110 0.292811 0.196170 0.297148 0.1118
0 0.528495 0.165518 0.510457 0.163113 0.513987 0.136631 0.532026 0.139036 0.2959
0 0.030599 0.014323 0.000000 0.014323 0.000000 0.003906 0.030599 0.003906 0.0798
0 0.076605 0.157446 0.070950 0.147183 0.108997 0.126218 0.114652 0.136482 0.0615
0 0.481177 0.630646 0.457221 0.620846 0.472279 0.584037 0.496235 0.593838 0.4016
0 0.482143 0.267566 0.462776 0.227542 0.480525 0.218954 0.499892 0.258978 0.1335
0 0.381200 0.210924 0.356620 0.209855 0.359766 0.137500 0.384346 0.138569 0.0564
0 0.323850 0.797538 0.314097 0.763402 0.331466 0.758439 0.341220 0.792576 0.5875
0 0.076172 0.156901 0.070313 0.145182 0.110156 0.125260 0.116016 0.136979 0.0848
0 0.532448 0.093177 0.524714 0.077005 0.572216 0.054287 0.579950 0.070459 0.1338
0 0.277417 0.323175 0.274224 0.311996 0.297182 0.305437 0.300376 0.316615 0.0954
0 0.376914 0.210022 0.355643 0.207895 0.362785 0.136474 0.384057 0.138601 0.1243
0 0.464248 0.122145 0.437571 0.107028 0.446787 0.090766 0.473463 0.105883 0.0525
0 0.425781 0.287109 0.391927 0.287109 0.391927 0.272135 0.425781 0.272135 0.1669
0 0.434245 0.197917 0.412760 0.197917 0.412760 0.154297 0.434245 0.154297 0.1386
0 0.410416 0.277099 0.406820 0.263744 0.441071 0.254522 0.444667 0.267877 0.2002
0 0.182292 0.341146 0.162109 0.341146 0.162109 0.296224 0.182292 0.296224 0.1455
0 0.775538 0.156022 0.714171 0.138095 0.723333 0.106734 0.784699 0.124662 0.0531
0 0.142874 0.363293 0.129788 0.345495 0.154831 0.327081 0.167918 0.344879 0.3417
0 0.027720 0.883794 0.026592 0.818406 0.051459 0.817977 0.052587 0.883365 0.1808
0 0.605146 0.084161 0.602281 0.068406 0.630068 0.063354 0.632932 0.079109 0.1140
0 0.027995 0.014323 0.000000 0.014323 0.000000 0.003906 0.027995 0.003906 0.5419
0 0.973082 0.349785 0.965169 0.310221 0.977814 0.307692 0.985727 0.347256 0.0763
0 0.529108 0.167295 0.509201 0.164954 0.512570 0.136321 0.532476 0.138663 0.0941
0 0.325651 0.797266 0.314388 0.763477 0.330599 0.758073 0.341862 0.791862 0.1077
0 0.734528 0.139361 0.731434 0.125437 0.761075 0.118850 0.764170 0.132774 0.3573
0 0.486003 0.260091 0.457357 0.231445 0.467773 0.221029 0.496419 0.249674 0.0901
0 0.324026 0.085246 0.319286 0.075088 0.342738 0.064144 0.347478 0.074302 0.4635
0 0.522290 0.120964 0.513343 0.098300 0.593180 0.066785 0.602127 0.089450 0.1766
0 0.036678 0.638485 0.024421 0.588434 0.053903 0.581214 0.066160 0.631265 0.0704
0 0.000010 0.015190 0.000000 0.005138 0.033649 0.003513 0.034128 0.013566 0.0620
0 0.475299 0.238555 0.466979 0.180312 0.485391 0.177682 0.493711 0.235924 0.1880
0 0.481525 0.631344 0.455931 0.620611 0.471727 0.582944 0.497321 0.593677 0.0689
0 0.410557 0.274790 0.408353 0.263772 0.441531 0.257136 0.443735 0.268154 0.4173
0 0.777344 0.179688 0.735026 0.179688 0.735026 0.136719 0.777344 0.136719 0.0591
0 0.029766 0.631521 0.027156 0.588019 0.061343 0.585968 0.063953 0.629470 0.0502
0 0.479564 0.268007 0.463716 0.228994 0.478629 0.222936 0.494478 0.261948 0.1239
0 0.483847 0.313239 0.480187 0.291280 0.496974 0.288482 0.500633 0.310441 0.1205
0 0.236520 0.557828 0.205327 0.505840 0.222848 0.495328 0.254040 0.547315 0.4894
0 0.470703 0.123698 0.457682 0.123698 0.457682 0.100260 0.470703 0.100260 0.2394
0 0.434245 0.220703 0.412760 0.220703 0.412760 0.155599 0.434245 0.155599 0.8455
0 0.113932 0.080078 0.100911 0.067057 0.116862 0.051107 0.129883 0.064128 0.1095
0 0.473143 0.213327 0.459600 0.164958 0.477759 0.159873 0.491303 0.208242 0.1702
0 0.484318 0.264878 0.463408 0.230028 0.474705 0.223250 0.495615 0.258100 0.0587
0 0.372396 0.117839 0.323568 0.117839 0.323568 0.096354 0.372396 0.096354 0.8868
0 0.453050 0.316031 0.449469 0.298127 0.479517 0.292117 0.483098 0.310021 0.1144
0 0.605734 0.083818 0.602870 0.068062 0.630771 0.062990 0.633635 0.078745 0.0970
0 0.482292 0.267318 0.463021 0.228776 0.476302 0.222135 0.495573 0.260677 0.6756
0 0.113932 0.095052 0.081901 0.079036 0.087630 0.067578 0.119661 0.083594 0.1320
0 0.025521 0.358984 0.019271 0.346484 0.043229 0.334505 0.049479 0.347005 0.0596
0 0.474497 0.239794 0.467559 0.182554 0.485563 0.180372 0.492501 0.237612 0.1635
0 0.520100 0.119758 0.511913 0.100316 0.553796 0.082681 0.561982 0.102123 0.1020
0 0.726331 0.154852 0.717176 0.132618 0.761316 0.114443 0.770471 0.136676 0.0708
0 0.523570 0.119757 0.512802 0.107451 0.542669 0.081317 0.553437 0.093623 0.1226
0 0.541120 0.302161 0.511432 0.279896 0.520417 0.267917 0.550104 0.290182 0.7630
0 0.493050 0.164749 0.474363 0.161634 0.483196 0.108636 0.501883 0.111750 0.8555
0 0.201793 0.544682 0.196494 0.502294 0.226703 0.498518 0.232001 0.540906 0.1048
0 0.454157 0.316196 0.451452 0.294561 0.499770 0.288522 0.502474 0.310156 0.1278
0 0.025130 0.360156 0.017969 0.345833 0.043490 0.333073 0.050651 0.347396 0.0804
0 0.521657 0.120046 0.512993 0.096364 0.594121 0.066683 0.602785 0.090365 0.8912
0 0.279297 0.328776 0.270515 0.317221 0.292206 0.300736 0.300987 0.312291 0.0634
0 0.378327 0.214197 0.356621 0.212991 0.360823 0.137342 0.382530 0.138548 0.8891
0 0.458333 0.113932 0.441406 0.113932 0.441406 0.097656 0.458333 0.097656 0.4193
0 0.224564 0.982310 0.209164 0.943808 0.224093 0.937837 0.239494 0.976338 0.6294
0 0.378906 0.216797 0.358724 0.216797 0.358724 0.139974 0.378906 0.139974 0.0532
0 0.185202 0.326095 0.177045 0.293467 0.186236 0.291169 0.194393 0.323797 0.1271
0 0.540410 0.303186 0.513253 0.280966 0.523086 0.268948 0.550243 0.291167 0.1432
0 0.464027 0.123518 0.438594 0.105022 0.449715 0.089731 0.475148 0.108228 0.5298
