0 0.635091 0.791341 0.604818 0.761068 0.619792 0.746094 0.650065 0.776367 0.0521
0 0.834594 0.197607 0.808975 0.174123 0.823703 0.158056 0.849322 0.181540 0.3528
0 0.639528 0.688046 0.620395 0.671409 0.641881 0.646699 0.661014 0.663336 0.1570
0 0.666992 0.675456 0.652604 0.632292 0.677213 0.624089 0.691602 0.667253 0.3734
0 0.803776 0.513306 0.768663 0.483857 0.787628 0.461246 0.822740 0.490695 0.0770
0 0.812172 0.271197 0.780384 0.235435 0.803336 0.215032 0.835125 0.250795 0.0638
0 0.836278 0.198619 0.808119 0.175428 0.822645 0.157788 0.850805 0.180979 0.1165
0 0.635417 0.694662 0.616211 0.675456 0.642578 0.649089 0.661784 0.668294 0.1094
0 0.683771 0.239499 0.654523 0.229121 0.665537 0.198083 0.694784 0.208461 0.0653
0 0.802659 0.514764 0.767485 0.485263 0.787628 0.461246 0.822802 0.490747 0.3305
0 0.701364 0.186358 0.669830 0.178938 0.679991 0.135756 0.711524 0.143176 0.0696
0 0.726189 0.374420 0.689713 0.342702 0.707878 0.321813 0.744354 0.353531 0.1446
0 0.681641 0.285807 0.645668 0.282281 0.651729 0.220464 0.687701 0.223991 0.3475
0 0.811350 0.271305 0.778486 0.234919 0.803329 0.212479 0.836194 0.248865 0.1467
0 0.878571 0.286555 0.851369 0.283835 0.856223 0.235297 0.883425 0.238017 0.1339
0 0.769959 0.314944 0.751231 0.265001 0.774347 0.256332 0.793076 0.306275 0.1568
0 0.884163 0.148276 0.843571 0.119862 0.856509 0.101379 0.897101 0.129793 0.3743
0 0.808470 0.267413 0.779076 0.233664 0.803427 0.212456 0.832821 0.246204 0.3231
0 0.704901 0.630695 0.677747 0.595393 0.697851 0.579928 0.725006 0.615230 0.0865
0 0.919516 0.336299 0.893378 0.329924 0.904626 0.283807 0.930764 0.290183 0.3334
0 0.681876 0.417734 0.668104 0.372662 0.692733 0.365137 0.706505 0.410209 0.3289
0 0.784752 0.711103 0.780234 0.664413 0.804744 0.662041 0.809262 0.708731 0.3473
0 0.764288 0.159664 0.763445 0.131833 0.815185 0.130265 0.816028 0.158096 0.0668
0 0.813907 0.273553 0.779099 0.235016 0.803653 0.212838 0.838461 0.251375 0.1875
0 0.721745 0.770052 0.686382 0.762194 0.690993 0.741445 0.726356 0.749303 0.0578
0 0.894206 0.383138 0.858073 0.347005 0.877604 0.327474 0.913737 0.363607 0.3243
0 0.634868 0.424903 0.618994 0.399506 0.635205 0.389374 0.651078 0.414772 0.3400
0 0.629749 0.792854 0.607345 0.755515 0.628121 0.743049 0.650525 0.780388 0.3660
0 0.716927 0.377344 0.700456 0.327930 0.723112 0.320378 0.739583 0.369792 0.1438
0 0.725972 0.375410 0.692102 0.337974 0.711911 0.320052 0.745781 0.357488 0.1104
0 0.725827 0.375444 0.692739 0.336841 0.712308 0.320067 0.745397 0.358670 0.1651
0 0.624690 0.719131 0.601763 0.706030 0.636819 0.644682 0.659746 0.657782 0.3243
0 0.824417 0.312667 0.798908 0.309832 0.804560 0.258956 0.830070 0.261790 0.2789
0 0.601562 0.481771 0.579427 0.481771 0.579427 0.440104 0.601562 0.440104 0.3373
0 0.812870 0.272549 0.779717 0.235418 0.803302 0.214360 0.836455 0.251491 0.1063
0 0.682723 0.549830 0.676447 0.522633 0.699745 0.517256 0.706022 0.544454 0.3494
0 0.726237 0.374674 0.690430 0.338867 0.709635 0.319661 0.745443 0.355469 0.1289
0 0.787414 0.710640 0.780362 0.664800 0.801643 0.661526 0.808695 0.707366 0.0619
0 0.825226 0.654678 0.792723 0.645391 0.800241 0.619079 0.832744 0.628366 0.0528
0 0.863829 0.337593 0.791845 0.293443 0.813634 0.257917 0.885617 0.302068 0.1038
0 0.727779 0.374397 0.670427 0.358467 0.681685 0.317938 0.739037 0.333869 0.0611
0 0.695625 0.481820 0.648628 0.451410 0.664942 0.426197 0.711940 0.456607 0.3472
0 0.700709 0.185254 0.670670 0.181403 0.676650 0.134760 0.706689 0.138611 0.0887
0 0.838556 0.199525 0.807703 0.177087 0.821667 0.157886 0.852520 0.180324 0.1050
0 0.740911 0.457500 0.724583 0.435729 0.732812 0.429557 0.749141 0.451328 0.1271
0 0.708984 0.333333 0.703776 0.328776 0.707002 0.325089 0.712211 0.329646 0.0526
0 0.824094 0.417640 0.808696 0.393002 0.831929 0.378482 0.847327 0.403119 0.1136
0 0.683379 0.285477 0.654184 0.284129 0.657339 0.215775 0.686533 0.217123 0.1079
0 0.535156 0.697266 0.523034 0.686659 0.534730 0.673292 0.546852 0.683899 0.0571
0 0.648896 0.218492 0.616302 0.212488 0.624355 0.168775 0.656949 0.174779 0.3427
0 0.716787 0.372594 0.716061 0.339195 0.725907 0.338981 0.726633 0.372380 0.0562
0 0.824169 0.312750 0.796124 0.307141 0.805789 0.258814 0.833834 0.264423 0.1900
0 0.808933 0.654486 0.801584 0.622154 0.828120 0.616123 0.835468 0.648455 0.0738
0 0.921059 0.409943 0.892370 0.407964 0.895002 0.369802 0.923691 0.371780 0.0870
0 0.808171 0.267204 0.778775 0.234657 0.803329 0.212479 0.832726 0.245026 0.1911
0 0.839025 0.199192 0.807617 0.176758 0.821254 0.157666 0.852662 0.180101 0.0644
0 0.792441 0.427544 0.775856 0.383899 0.807907 0.371719 0.824492 0.415365 0.0825
0 0.704427 0.464193 0.702474 0.464193 0.702474 0.461589 0.704427 0.461589 0.0520
0 0.879392 0.321257 0.812071 0.296506 0.821677 0.270377 0.888998 0.295128 0.0954
0 0.799644 0.273252 0.789021 0.226513 0.817273 0.220092 0.827896 0.266831 0.1605
0 0.919014 0.336873 0.893075 0.330222 0.904538 0.285519 0.930477 0.292170 0.0967
0 0.625239 0.719883 0.603484 0.708775 0.632563 0.651829 0.654317 0.662937 0.1152
0 0.646777 0.764127 0.624584 0.735407 0.650006 0.715763 0.672198 0.744483 0.0506
0 0.823568 0.313151 0.795182 0.298958 0.814063 0.261198 0.842448 0.275391 0.1624
0 0.708073 0.681997 0.691372 0.636449 0.720774 0.625668 0.737475 0.671216 0.3559
0 0.548442 0.721285 0.519163 0.687823 0.538982 0.670481 0.568262 0.703943 0.3591
0 0.649331 0.219451 0.623897 0.214260 0.632839 0.170445 0.658273 0.175636 0.0809
0 0.681583 0.286279 0.649106 0.282302 0.657248 0.215803 0.689726 0.219780 0.0864
0 0.633598 0.718436 0.612478 0.716676 0.615486 0.680577 0.636607 0.682337 0.1643
0 0.706380 0.367188 0.675130 0.367188 0.675130 0.322917 0.706380 0.322917 0.1374
0 0.681587 0.286333 0.645557 0.282657 0.651833 0.221156 0.687863 0.224832 0.0658
0 0.827474 0.312500 0.801432 0.312500 0.801432 0.265625 0.827474 0.265625 0.1344
0 0.812420 0.270702 0.779866 0.236942 0.803480 0.214171 0.836034 0.247930 0.1536
0 0.812015 0.271563 0.779227 0.236253 0.803325 0.213877 0.836112 0.249187 0.1631
0 0.913505 0.286052 0.898746 0.255398 0.931181 0.239781 0.945940 0.270435 0.0997
0 0.627451 0.039675 0.622748 0.018513 0.672105 0.007544 0.676808 0.028707 0.7151
0 0.878466 0.286324 0.851681 0.284264 0.855285 0.237416 0.882070 0.239476 0.0821
0 0.636068 0.791667 0.606445 0.762044 0.621419 0.747070 0.651042 0.776693 0.0671
0 0.684355 0.390864 0.667615 0.376604 0.698492 0.340358 0.715231 0.354617 0.1051
0 0.824157 0.420827 0.793033 0.369897 0.819183 0.353916 0.850307 0.404847 0.1792
0 0.754949 0.459294 0.731656 0.421445 0.751816 0.409039 0.775108 0.446888 0.0951
0 0.567777 0.675797 0.538343 0.669255 0.543536 0.645887 0.572970 0.652428 0.0575
0 0.824579 0.312785 0.795595 0.307816 0.804621 0.255160 0.833606 0.260129 0.0986
0 0.872682 0.287735 0.843137 0.276096 0.859842 0.233691 0.889387 0.245330 0.1536
0 0.682073 0.239931 0.652422 0.211339 0.667897 0.195290 0.697548 0.223882 0.3564
0 0.567423 0.678492 0.535540 0.664000 0.544213 0.644919 0.576096 0.659411 0.3578
0 0.721224 0.376693 0.698307 0.330859 0.718359 0.320833 0.741276 0.366667 0.3434
0 0.804082 0.312142 0.789789 0.219239 0.819680 0.214640 0.833973 0.307544 0.1935
0 0.718099 0.773437 0.683724 0.756250 0.693490 0.736719 0.727865 0.753906 0.3894
0 0.805664 0.426758 0.771484 0.392578 0.787435 0.376628 0.821615 0.410807 0.3120
0 0.681606 0.285579 0.645772 0.282653 0.650891 0.219947 0.686725 0.222872 0.0977
0 0.625978 0.790977 0.608877 0.754638 0.631890 0.743809 0.648991 0.780147 0.0652
0 0.807248 0.655017 0.799491 0.620884 0.827743 0.614463 0.835500 0.648596 0.3405
0 0.809543 0.268113 0.778520 0.235022 0.803230 0.211856 0.834252 0.244947 0.1428
0 0.717553 0.116955 0.673912 0.105317 0.679563 0.084125 0.723205 0.095763 0.3465
0 0.660352 0.760149 0.625328 0.739547 0.636458 0.720626 0.671482 0.741229 0.0740
0 0.681832 0.239006 0.655104 0.207186 0.671029 0.193809 0.697757 0.225629 0.0751
0 0.666405 0.675332 0.652742 0.632390 0.677626 0.624472 0.691289 0.667414 0.0706
0 0.600911 0.480469 0.580729 0.480469 0.580729 0.440755 0.600911 0.440755 0.0647
0 0.897331 0.381194 0.858661 0.347357 0.876043 0.327491 0.914714 0.361328 0.0969
0 0.726562 0.373047 0.705078 0.373047 0.705078 0.328125 0.726562 0.328125 0.0669
0 0.530309 0.713610 0.523162 0.683237 0.541052 0.679028 0.548198 0.709400 0.0554
0 0.793793 0.173840 0.762456 0.138027 0.786424 0.117055 0.817760 0.152868 0.0841
0 0.813023 0.270649 0.779790 0.235043 0.803242 0.213155 0.836474 0.248761 0.1023
0 0.817796 0.656822 0.802600 0.622088 0.822545 0.613362 0.837741 0.648096 0.0588
0 0.705078 0.545573 0.679036 0.545573 0.679036 0.520833 0.705078 0.520833 0.0781
0 0.824200 0.420324 0.793582 0.369294 0.819240 0.353899 0.849858 0.404929 0.3093
0 0.790201 0.308200 0.748997 0.300783 0.759220 0.243990 0.800424 0.251407 0.3169
0 0.884866 0.146985 0.844151 0.119842 0.855869 0.102264 0.896585 0.129407 0.0725
0 0.716797 0.669922 0.694661 0.669922 0.694661 0.637370 0.716797 0.637370 0.1335
0 0.715665 0.377544 0.698297 0.328335 0.722680 0.319730 0.740048 0.368938 0.1448
0 0.911733 0.287344 0.897715 0.254212 0.931846 0.239772 0.945863 0.272904 0.3658
0 0.805921 0.512024 0.770385 0.494967 0.786386 0.461632 0.821922 0.478689 0.0580
0 0.795095 0.554011 0.766801 0.522574 0.784102 0.507003 0.812396 0.538440 0.3402
0 0.723171 0.620483 0.675590 0.618842 0.676530 0.591576 0.724111 0.593216 0.3388
0 0.807280 0.655809 0.799350 0.620916 0.828221 0.614354 0.836151 0.649247 0.0539
0 0.682921 0.240939 0.651188 0.213908 0.666591 0.195826 0.698324 0.222858 0.0983
0 0.675130 0.031250 0.643229 0.031250 0.643229 0.013021 0.675130 0.013021 0.0505
0 0.706380 0.367188 0.674479 0.367188 0.674479 0.322917 0.706380 0.322917 0.3239
0 0.836570 0.198553 0.808552 0.175871 0.822940 0.158098 0.850958 0.180779 0.0889
0 0.735676 0.671262 0.691998 0.669978 0.693039 0.634603 0.736716 0.635888 0.0630
0 0.912731 0.286556 0.896673 0.256329 0.930247 0.238493 0.946305 0.268719 0.0820
0 0.631325 0.126553 0.622474 0.097047 0.639675 0.091886 0.648527 0.121392 0.3706
0 0.659515 0.761539 0.624529 0.741546 0.636348 0.720863 0.671334 0.740855 0.3618
0 0.814473 0.158575 0.763479 0.149706 0.767531 0.126407 0.818525 0.135276 0.0925
0 0.703681 0.619530 0.684720 0.610682 0.687531 0.604659 0.706492 0.613507 0.0785
0 0.251432 0.140885 0.242448 0.122917 0.261458 0.113411 0.270443 0.131380 0.0947
0 0.691084 0.475129 0.652440 0.465008 0.660156 0.435547 0.698800 0.445668 0.0596
0 0.681631 0.285884 0.650722 0.282175 0.655134 0.245413 0.686043 0.249122 0.0536
0 0.878239 0.287903 0.850800 0.284855 0.856318 0.235193 0.883757 0.238242 0.3182
0 0.627629 0.039188 0.623347 0.017778 0.672426 0.007963 0.676708 0.029372 0.1249
0 0.796875 0.553385 0.766927 0.523438 0.783529 0.506836 0.813477 0.536784 0.0765
0 0.700976 0.186208 0.669643 0.179434 0.679369 0.134450 0.710702 0.141225 0.3534
0 0.556522 0.714069 0.526681 0.682806 0.538929 0.671115 0.568771 0.702378 0.0821
0 0.682715 0.241348 0.650744 0.215020 0.666511 0.195874 0.698482 0.222202 0.0864
0 0.881716 0.317823 0.820403 0.301102 0.827043 0.276753 0.888356 0.293475 0.3185
0 0.730818 0.457067 0.726436 0.419822 0.761905 0.415649 0.766287 0.452894 0.3197
0 0.811621 0.418572 0.794156 0.376989 0.809208 0.370666 0.826674 0.412250 0.1181
0 0.765764 0.161734 0.763953 0.132754 0.814213 0.129613 0.816024 0.158593 0.3713
0 0.882148 0.317549 0.821624 0.303023 0.827976 0.276553 0.888501 0.291079 0.1128
0 0.810807 0.655078 0.799284 0.620508 0.823698 0.612370 0.835221 0.646940 0.0811
0 0.823753 0.419645 0.793201 0.369856 0.818515 0.354323 0.849067 0.404112 0.0677
0 0.718137 0.115732 0.674479 0.104818 0.679420 0.085057 0.723078 0.095971 0.0777
0 0.921119 0.409742 0.894992 0.408775 0.896400 0.370777 0.922526 0.371745 0.3258
0 0.823529 0.312118 0.793508 0.298938 0.812299 0.256136 0.842320 0.269316 0.0624
0 0.824198 0.420538 0.793226 0.369746 0.819479 0.353738 0.850450 0.404530 0.2202
0 0.713763 0.679358 0.699739 0.638288 0.723417 0.630203 0.737441 0.671273 0.0968
0 0.620912 0.717713 0.611293 0.687482 0.632602 0.680701 0.642222 0.710933 0.1364
