0 0.660324 0.406830 0.642125 0.405693 0.642705 0.396411 0.660904 0.397548 0.0568
0 0.662493 0.439008 0.633043 0.436410 0.634654 0.418150 0.664104 0.420749 0.0547
0 0.637370 0.413411 0.613932 0.413411 0.613932 0.397786 0.637370 0.397786 0.0549
0 0.642578 0.413411 0.613281 0.413411 0.613281 0.392578 0.642578 0.392578 0.0625
0 0.965885 0.156771 0.950651 0.136458 0.973151 0.119583 0.988385 0.139896 0.1190
0 0.763079 0.835974 0.731010 0.815931 0.738362 0.804168 0.770431 0.824212 0.6608
0 0.590495 0.756510 0.582577 0.745425 0.589413 0.740542 0.597331 0.751628 0.1004
0 0.605078 0.861458 0.599870 0.845833 0.626823 0.836849 0.632031 0.852474 0.0572
0 0.660156 0.406250 0.645833 0.406250 0.645833 0.397786 0.660156 0.397786 0.0546
0 0.626963 0.427557 0.610051 0.404675 0.644703 0.379062 0.661616 0.401944 0.5885
0 0.762500 0.835547 0.731453 0.815790 0.738745 0.804331 0.769792 0.824089 0.1620
0 0.615349 0.415824 0.611022 0.398514 0.636144 0.392233 0.640472 0.409544 0.0894
0 0.613281 0.860026 0.602865 0.860026 0.602865 0.847005 0.613281 0.847005 0.0565
0 0.631510 0.412760 0.613932 0.412760 0.613932 0.397135 0.631510 0.397135 0.0619
0 0.626253 0.427015 0.610138 0.404633 0.644851 0.379640 0.660966 0.402021 0.0718
0 0.618939 0.420393 0.609510 0.396821 0.651827 0.379894 0.661256 0.403466 0.1469
0 0.660156 0.410807 0.615885 0.410807 0.615885 0.387370 0.660156 0.387370 0.0800
0 0.760427 0.822704 0.736393 0.813357 0.739032 0.806571 0.763066 0.815918 0.0799
