0 0.772335 1.000000 0.724439 0.963844 0.750985 0.933051 0.798881 0.974340 0.3542
0 0.781506 0.934838 0.737588 0.932398 0.739301 0.901568 0.783219 0.904008 0.3091
0 0.995673 0.614502 0.970484 0.611401 0.980279 0.531818 1.000000 0.534918 0.2825
0 0.829675 0.875893 0.780235 0.860002 0.786494 0.840529 0.835934 0.856421 0.2167
0 0.833275 0.865668 0.798975 0.849773 0.807419 0.831551 0.841720 0.847446 0.2586
0 0.874349 0.875000 0.836589 0.875000 0.836589 0.856771 0.874349 0.856771 0.3213
0 0.974958 0.875631 0.933476 0.872866 0.935233 0.846507 0.976715 0.849272 0.3020
0 0.770779 0.776434 0.739341 0.759790 0.749206 0.741155 0.780645 0.757798 0.3393
0 0.737911 0.869952 0.700401 0.848518 0.710216 0.831340 0.747726 0.852774 0.5855
0 0.775792 0.947653 0.735175 0.925991 0.748925 0.900208 0.789542 0.921871 0.1064
0 0.823257 0.914485 0.754933 0.892351 0.761778 0.871223 0.830101 0.893356 0.7316
0 0.848769 0.760476 0.817787 0.749482 0.825591 0.727490 0.856573 0.738484 0.3876
0 0.958120 0.965155 0.940631 0.944023 0.975260 0.915365 0.992749 0.936497 0.2921
0 0.995693 0.806691 0.945738 0.796700 0.949544 0.777669 0.999499 0.787660 0.2857
0 0.876160 0.866853 0.839236 0.864545 0.841105 0.834633 0.878030 0.836941 0.1615
0 0.999349 0.714193 0.985677 0.714193 0.985677 0.638021 0.999349 0.638021 0.1151
0 0.845984 0.767140 0.815890 0.754243 0.826733 0.728942 0.856827 0.741839 0.3239
0 0.805339 0.757812 0.785807 0.757812 0.785807 0.730469 0.805339 0.730469 0.2196
0 0.993965 0.843324 0.938251 0.832181 0.941882 0.814027 0.997596 0.825170 0.5743
0 0.871449 0.560237 0.857485 0.514854 0.878072 0.508520 0.892036 0.553903 0.1031
0 0.992803 0.715629 0.986377 0.662078 0.995772 0.660950 1.000000 0.714502 0.1291
0 0.934769 0.865076 0.917405 0.863146 0.922883 0.813842 0.940247 0.815771 0.7715
0 0.995832 0.627358 0.975753 0.625127 0.985820 0.534521 1.000000 0.536752 0.7251
0 0.922789 0.552796 0.864270 0.516785 0.879828 0.491503 0.938347 0.527514 0.7763
0 0.980469 1.000000 0.910089 0.990728 0.920191 0.965472 0.990571 0.993624 0.2061
0 0.971750 0.857726 0.935304 0.843768 0.941694 0.827085 0.978139 0.841043 0.2549
0 0.999349 0.715495 0.986328 0.715495 0.986328 0.638672 0.999349 0.638672 0.6698
0 0.812094 0.993948 0.764999 0.952236 0.786723 0.927709 0.833818 0.969421 0.2862
0 0.838542 0.660156 0.833333 0.660156 0.833333 0.658854 0.838542 0.658854 0.1278
0 0.761558 0.849239 0.724820 0.828245 0.734595 0.811138 0.771334 0.832131 0.5140
0 0.970508 0.943425 0.963867 0.923503 0.997070 0.912435 1.000000 0.932357 0.4570
0 0.969661 0.552865 0.950831 0.519912 0.966887 0.510737 0.985717 0.543690 0.1939
0 0.992643 0.837452 0.940000 0.833796 0.941246 0.815853 0.993889 0.819508 0.1830
0 0.907929 0.948674 0.844750 0.930905 0.851543 0.906753 0.914722 0.924522 0.2718
0 0.995292 0.839900 0.939890 0.832388 0.942691 0.811736 0.998092 0.819248 0.3219
0 0.774900 0.833053 0.734866 0.810176 0.743680 0.794752 0.783714 0.817628 0.7113
0 0.765520 0.747112 0.751209 0.726123 0.774482 0.710255 0.788793 0.731245 0.2516
0 0.782734 0.935233 0.737461 0.932403 0.739393 0.901477 0.784667 0.904307 0.2898
0 0.811324 0.992045 0.766933 0.946222 0.786003 0.927748 0.830394 0.973571 0.2571
0 0.829490 0.872640 0.796479 0.853134 0.807846 0.833898 0.840857 0.853404 0.1656
0 0.928512 0.863838 0.912386 0.858079 0.923669 0.826487 0.939795 0.832246 0.2006
0 0.783509 0.741869 0.757359 0.730102 0.764290 0.714699 0.790440 0.726466 0.3694
0 0.970997 0.894292 0.930105 0.890062 0.933071 0.861386 0.973964 0.865617 0.3093
0 0.970619 0.544735 0.967280 0.511345 0.975144 0.510559 0.978483 0.543949 0.1386
0 0.830844 0.874144 0.781596 0.860712 0.786358 0.843249 0.835607 0.856681 0.5734
0 0.981421 0.663233 0.974931 0.662177 0.980041 0.630790 0.986531 0.631846 0.1614
0 0.990685 0.841496 0.937725 0.830904 0.941231 0.813376 0.994191 0.823968 0.3492
0 0.852332 0.886049 0.828509 0.868896 0.842377 0.849636 0.866199 0.866788 0.2199
0 0.875000 0.874349 0.837240 0.874349 0.837240 0.856771 0.875000 0.856771 0.3380
0 0.768708 0.749336 0.760476 0.720980 0.790536 0.712253 0.798769 0.740609 0.3371
0 0.922226 0.554264 0.869884 0.520395 0.887071 0.493833 0.939413 0.527701 0.1862
0 0.998474 0.858853 0.937888 0.851583 0.940269 0.831739 1.000000 0.839009 0.5765
0 0.975623 0.885982 0.940286 0.882770 0.941881 0.865218 0.977219 0.868431 0.3004
0 0.999349 0.941406 0.966797 0.941406 0.966797 0.914062 0.999349 0.914062 0.2912
0 0.876720 0.868757 0.839630 0.867894 0.840134 0.846240 0.877223 0.847102 0.3314
0 0.841725 0.711073 0.786713 0.681733 0.797508 0.661492 0.852520 0.690832 0.8331
0 0.847404 0.758054 0.819688 0.737800 0.830769 0.722636 0.858486 0.742890 0.1920
0 0.979413 0.606433 0.962484 0.605156 0.969002 0.518801 0.985931 0.520079 0.6347
0 0.876302 0.872396 0.837891 0.872396 0.837891 0.852214 0.876302 0.852214 0.3962
0 0.832965 0.856230 0.800322 0.843535 0.805832 0.829366 0.838475 0.842060 0.4702
0 0.974086 0.603651 0.972449 0.526739 0.994146 0.526277 0.995782 0.603190 0.2013
0 0.974172 0.868770 0.934519 0.866438 0.935605 0.847966 0.975258 0.850299 0.5171
0 0.799218 0.762275 0.769213 0.751364 0.775733 0.733434 0.805738 0.744345 0.4055
0 0.792057 0.721875 0.757943 0.704818 0.769401 0.681901 0.803516 0.698958 0.2859
0 0.843421 0.852181 0.841752 0.835486 0.876495 0.832012 0.878165 0.848707 0.2717
0 0.762387 0.745548 0.758164 0.720211 0.784030 0.715900 0.788253 0.741237 0.3039
0 0.915923 0.959347 0.911112 0.933153 0.966212 0.923032 0.971023 0.949226 0.3833
0 0.797479 0.755134 0.783278 0.732947 0.808829 0.716594 0.823029 0.738782 0.2373
0 0.786719 0.764453 0.768594 0.740286 0.791406 0.723177 0.809531 0.747344 0.2905
0 0.802734 0.721354 0.766927 0.721354 0.766927 0.703125 0.802734 0.703125 0.3767
0 0.955144 0.965129 0.950963 0.947013 0.999130 0.935898 1.000000 0.954014 0.3310
0 0.993951 0.845032 0.953776 0.833984 0.958849 0.815539 0.999023 0.826587 0.2811
0 0.740209 0.886060 0.693034 0.872301 0.699043 0.851701 0.746218 0.865460 0.2553
0 0.965131 0.611690 0.942679 0.611048 0.945138 0.524995 0.967590 0.525636 0.8105
0 0.972298 0.865805 0.935658 0.862873 0.936871 0.847710 0.973511 0.850641 0.3116
0 0.966433 0.551911 0.948108 0.521370 0.964576 0.511489 0.982901 0.542031 0.1633
0 0.993908 0.860555 0.937096 0.847677 0.942708 0.822917 0.999520 0.835794 0.3773
0 0.859375 0.901042 0.832682 0.901042 0.832682 0.866536 0.859375 0.866536 0.1613
0 0.996660 0.827014 0.942807 0.814853 0.947039 0.796110 1.000000 0.808270 0.6646
0 0.967836 0.554749 0.947003 0.520895 0.965201 0.509696 0.986035 0.543550 0.1213
0 0.876302 0.855469 0.841797 0.855469 0.841797 0.836589 0.876302 0.836589 0.3808
0 0.999349 0.897135 0.992188 0.897135 0.992188 0.862630 0.999349 0.862630 0.0898
0 0.785672 0.765750 0.762334 0.740467 0.776098 0.727763 0.799436 0.753045 0.3334
0 0.828831 0.986362 0.779446 0.955860 0.804187 0.915802 0.853573 0.946305 0.3212
0 0.952737 0.964683 0.947558 0.942240 0.998625 0.930455 1.000000 0.952898 0.4598
0 0.870443 0.899089 0.831380 0.899089 0.831380 0.875651 0.870443 0.875651 0.5989
0 0.924831 0.933101 0.921717 0.914414 0.978199 0.905001 0.981313 0.923687 0.2662
0 0.805132 0.725008 0.767627 0.723445 0.768358 0.705897 0.805863 0.707460 0.1497
0 0.701041 0.896241 0.667419 0.878309 0.673655 0.866618 0.707277 0.884549 0.3670
0 0.999349 0.609375 0.968750 0.609375 0.968750 0.516927 0.999349 0.516927 0.1346
0 0.829930 0.647793 0.785351 0.627980 0.791714 0.613664 0.836293 0.633477 0.1751
0 0.713435 0.877319 0.690381 0.866840 0.698853 0.848200 0.721907 0.858679 0.1603
0 0.851066 0.751443 0.815910 0.735818 0.830998 0.701870 0.866154 0.717495 0.2377
0 0.975604 0.937931 0.923049 0.929633 0.929299 0.890050 0.981854 0.898348 0.1973
0 0.788662 0.758413 0.762370 0.740885 0.776993 0.718950 0.803285 0.736478 0.3278
0 0.877604 0.861979 0.841797 0.861979 0.841797 0.842448 0.877604 0.842448 0.3404
0 0.757444 0.864755 0.706264 0.841196 0.715916 0.820227 0.767096 0.843787 0.5436
0 0.971373 0.551370 0.947572 0.522395 0.963677 0.509166 0.987478 0.538141 0.0915
0 0.919436 0.554098 0.880126 0.520744 0.900682 0.496518 0.939991 0.529872 0.2552
0 0.805339 0.724609 0.768229 0.724609 0.768229 0.705729 0.805339 0.705729 0.2872
0 0.787485 0.983437 0.767654 0.932959 0.802501 0.919269 0.822332 0.969747 0.1925
0 0.770263 0.778554 0.743760 0.755364 0.761909 0.734623 0.788411 0.757812 0.2685
0 0.918197 0.963867 0.911133 0.937729 0.997173 0.914475 1.000000 0.940613 0.4661
0 0.952779 0.967050 0.947417 0.947900 0.998443 0.933613 1.000000 0.952763 0.3172
0 0.922698 0.932109 0.922138 0.913620 0.963944 0.912354 0.964504 0.930842 0.4957
0 0.832405 0.645641 0.793239 0.633107 0.797956 0.618367 0.837122 0.630900 0.7583
0 0.939377 0.890864 0.926199 0.884475 0.937994 0.860147 0.951172 0.866537 0.1516
0 0.876302 0.873047 0.838542 0.873047 0.838542 0.850911 0.876302 0.850911 0.1314
0 0.975260 0.884115 0.931641 0.884115 0.931641 0.854818 0.975260 0.854818 0.3223
0 0.844882 0.608548 0.804361 0.597743 0.809407 0.578819 0.849928 0.589625 0.1354
0 0.976562 0.873047 0.934245 0.873047 0.934245 0.847656 0.976562 0.847656 0.2677
0 0.965603 0.888994 0.935598 0.868697 0.959148 0.833884 0.989152 0.854181 0.1663
0 0.991929 0.843400 0.938443 0.833114 0.941950 0.814883 0.995435 0.825169 0.2597
0 0.754122 0.870856 0.700607 0.848964 0.711040 0.823462 0.764555 0.845354 0.2335
0 0.876302 0.848307 0.842448 0.848307 0.842448 0.833984 0.876302 0.833984 0.4542
0 0.909610 0.950239 0.876987 0.942563 0.882776 0.917960 0.915399 0.925636 0.2290
0 0.964844 0.611979 0.945312 0.611979 0.945312 0.554036 0.964844 0.554036 0.2227
0 0.909314 0.950636 0.876225 0.942364 0.882391 0.917701 0.915479 0.925973 0.2742
0 0.858549 0.744477 0.820923 0.720826 0.835154 0.698187 0.872780 0.721838 0.6050
0 0.792295 0.684514 0.787446 0.672391 0.793508 0.669967 0.798357 0.682090 0.1174
0 0.790385 1.000000 0.724168 0.962424 0.751562 0.931328 0.817779 0.989661 0.6034
0 0.975260 0.888672 0.931641 0.888672 0.931641 0.863932 0.975260 0.863932 0.4684
0 0.981324 0.603653 0.963119 0.603240 0.965053 0.518130 0.983258 0.518544 0.2755
0 0.894531 0.542318 0.861654 0.509440 0.876628 0.494466 0.909505 0.527344 0.1230
0 0.789260 0.764827 0.761816 0.740127 0.778002 0.722142 0.805446 0.746842 0.2741
0 0.842525 0.896829 0.832721 0.894378 0.833831 0.889936 0.843635 0.892387 0.1262
0 0.813047 0.750119 0.783461 0.737792 0.791725 0.717960 0.821310 0.730288 0.2467
0 0.764063 0.848828 0.724479 0.829037 0.733724 0.810547 0.773307 0.830339 0.3233
0 0.795638 0.710091 0.757161 0.697266 0.762891 0.680078 0.801367 0.692904 0.7291
0 0.782928 0.765169 0.774740 0.746745 0.800291 0.735389 0.808480 0.753812 0.3288
0 0.999349 0.715495 0.986328 0.715495 0.986328 0.635417 0.999349 0.635417 0.1298
0 0.998028 0.808208 0.946606 0.795795 0.950958 0.777764 1.000000 0.790176 0.7936
0 0.913252 0.956520 0.911911 0.933047 0.959226 0.930343 0.960568 0.953816 0.3253
0 0.993490 0.605469 0.968750 0.605469 0.968750 0.516927 0.993490 0.516927 0.1794
0 0.895232 0.560807 0.851043 0.552309 0.860544 0.502904 0.904733 0.511402 0.1024
0 0.967647 0.536744 0.914232 0.507609 0.925056 0.487767 0.978470 0.516902 0.0914
0 0.999349 0.909505 0.990885 0.909505 0.990885 0.858073 0.999349 0.858073 0.5076
0 0.854301 0.670922 0.822165 0.656639 0.828018 0.643471 0.860154 0.657753 0.8258
0 0.908006 0.950558 0.844290 0.932353 0.851391 0.907503 0.915107 0.925708 0.5559
0 0.999349 0.714844 0.986328 0.714844 0.986328 0.625000 0.999349 0.625000 0.1468
0 0.834974 0.861094 0.799786 0.846278 0.806979 0.829193 0.842168 0.844009 0.2193
0 0.956402 0.965590 0.936447 0.953118 0.965049 0.907355 0.985004 0.919827 0.2083
0 0.864453 0.613021 0.863281 0.610677 0.867448 0.608594 0.868620 0.610938 0.1134
0 0.985649 1.000000 0.910850 0.993352 0.918958 0.967001 0.993757 0.990016 0.6710
0 0.956044 0.963174 0.951098 0.942681 0.997280 0.931534 1.000000 0.952026 0.1482
0 0.847005 0.766276 0.814974 0.755599 0.823177 0.730990 0.855208 0.741667 0.3822
0 0.876652 0.869527 0.838986 0.868536 0.839558 0.846792 0.877224 0.847783 0.4095
0 0.821008 0.995760 0.772707 0.949605 0.792326 0.929073 0.840627 0.975228 0.4088
0 0.789063 0.764974 0.763997 0.739909 0.779948 0.723958 0.805013 0.749023 0.2867
0 0.861195 0.886580 0.832807 0.871639 0.844683 0.849073 0.873072 0.864014 0.1686
0 0.985730 0.867560 0.935835 0.863221 0.939966 0.815715 0.989861 0.820054 0.1246
0 0.950750 0.928599 0.945491 0.911769 0.979002 0.901297 0.984262 0.918126 0.2190
0 0.932416 0.895164 0.929636 0.876167 0.971750 0.870004 0.974531 0.889001 0.4649
0 0.843611 0.767636 0.814698 0.755730 0.821507 0.739194 0.850420 0.751100 0.5482
0 0.954021 0.965689 0.949731 0.947097 0.999086 0.935708 1.000000 0.954299 0.3246
0 0.892081 1.000000 0.823979 0.961543 0.846264 0.932343 0.914365 0.984315 0.4313
0 0.799479 0.752604 0.763021 0.752604 0.763021 0.724609 0.799479 0.724609 0.3350
0 0.971731 0.883456 0.931054 0.873595 0.937803 0.845757 0.978479 0.855618 0.3059
0 0.818471 0.992543 0.772624 0.949822 0.791797 0.929246 0.837644 0.971968 0.4526
0 0.816103 0.746801 0.788209 0.734846 0.794877 0.719289 0.822771 0.731243 0.4006
0 0.973422 0.682731 0.953047 0.677977 0.964404 0.629303 0.984779 0.634057 0.1154
0 0.926683 0.912731 0.926025 0.892318 0.975683 0.890716 0.976342 0.911129 0.5475
0 0.768651 0.749354 0.761927 0.731984 0.791260 0.720629 0.797984 0.737999 0.2478
0 0.955308 0.964576 0.950774 0.944171 0.998889 0.933479 1.000000 0.953883 0.3225
0 0.777330 1.000000 0.727730 0.954641 0.754899 0.928653 0.804499 0.980508 0.2779
0 0.854544 0.904446 0.829765 0.897158 0.834679 0.880451 0.859458 0.887739 0.1914
0 0.889769 1.000000 0.807000 0.949302 0.830245 0.919600 0.913015 0.984376 0.2214
0 0.827471 0.896646 0.766233 0.876626 0.772708 0.856820 0.833946 0.876840 0.6766
0 0.965250 0.552747 0.947186 0.513608 0.965600 0.505110 0.983664 0.544249 0.0960
0 0.828044 0.864587 0.827368 0.848366 0.848788 0.847473 0.849464 0.863694 0.2166
0 0.840266 0.746164 0.818834 0.742592 0.821386 0.727284 0.842817 0.730856 0.2236
0 0.873155 0.615268 0.803450 0.600652 0.807892 0.579469 0.877597 0.594085 0.8767
0 0.890859 1.000000 0.790547 0.937474 0.812500 0.908203 0.912812 0.983438 0.4685
0 0.963625 0.955188 0.963353 0.950570 0.989343 0.949041 0.989615 0.953659 0.1510
0 0.818034 0.753581 0.816081 0.751628 0.817708 0.750000 0.819662 0.751953 0.1532
0 0.920037 0.925322 0.857843 0.909773 0.863435 0.887408 0.925628 0.902956 0.1954
0 0.873652 0.559877 0.853535 0.511021 0.872330 0.503282 0.892447 0.552137 0.8324
0 0.908530 0.949575 0.844390 0.931536 0.851469 0.906366 0.915609 0.924406 0.2888
0 0.847685 0.761205 0.818299 0.745594 0.828297 0.726776 0.857682 0.742387 0.2578
0 0.870768 0.868164 0.869141 0.866537 0.871745 0.863932 0.873372 0.865560 0.1455
0 0.849219 0.752734 0.814468 0.725706 0.836729 0.697085 0.871479 0.724114 0.2508
0 0.818145 0.999577 0.772979 0.948181 0.803859 0.921045 0.849025 0.972440 0.2881
0 0.848343 0.758148 0.818722 0.740949 0.828151 0.724709 0.857773 0.741908 0.4127
0 0.874048 0.615435 0.819712 0.604567 0.824119 0.582532 0.878455 0.593399 0.1247
0 0.999349 0.615234 0.969401 0.615234 0.969401 0.527344 0.999349 0.527344 0.1732
0 0.972521 0.879136 0.933089 0.873069 0.937124 0.846847 0.976555 0.852914 0.3736
0 0.772413 0.764687 0.750235 0.750430 0.757300 0.739440 0.779478 0.753697 0.4366
0 0.810005 1.000000 0.738037 0.996754 0.741165 0.967434 0.813132 0.975111 0.2891
0 0.837051 0.970298 0.790660 0.937036 0.807041 0.914190 0.853432 0.947451 0.3479
0 0.740181 0.885697 0.692892 0.871725 0.698915 0.851340 0.746204 0.865311 0.7062
0 0.976562 0.873047 0.933594 0.873047 0.933594 0.847005 0.976562 0.847005 0.2683
0 0.789793 0.736916 0.757566 0.733335 0.760647 0.705610 0.792874 0.709191 0.2595
0 0.978159 0.684969 0.955706 0.683241 0.960976 0.614736 0.983429 0.616464 0.8031
0 0.919987 0.925186 0.858609 0.910306 0.864038 0.887908 0.925417 0.902788 0.7045
0 0.772836 0.775410 0.740286 0.762673 0.747845 0.743354 0.780395 0.756091 0.5633
0 0.784612 0.964478 0.729283 0.939328 0.746963 0.900431 0.802293 0.925581 0.1883
