0 0.167969 0.999349 0.145833 0.999349 0.145833 0.973307 0.167969 0.973307 0.1688
0 0.189841 0.034327 0.152266 0.023806 0.156736 0.007844 0.194311 0.018365 0.1572
0 0.187630 0.053125 0.161068 0.039844 0.169531 0.022917 0.196094 0.036198 0.1928
0 0.313724 0.414167 0.303307 0.406354 0.322917 0.380208 0.333333 0.388021 0.0901
0 0.262880 0.578279 0.249591 0.572373 0.257161 0.555339 0.270451 0.561245 0.2616
0 0.197692 0.207593 0.172548 0.197535 0.175647 0.189790 0.200790 0.199847 0.1098
0 0.448633 0.490039 0.412500 0.477995 0.417773 0.462174 0.453906 0.474219 0.0537
0 0.379331 0.542754 0.339512 0.517683 0.345459 0.508238 0.385278 0.533309 0.1842
0 0.189990 0.035544 0.151429 0.024203 0.156509 0.006931 0.195070 0.018273 0.1761
0 0.178335 0.080329 0.163186 0.077299 0.164714 0.069661 0.179863 0.072691 0.0874
0 0.362680 0.530849 0.338942 0.515024 0.344050 0.507362 0.367788 0.523187 0.0667
0 0.313684 0.414288 0.303305 0.406281 0.323043 0.380696 0.333421 0.388703 0.0977
0 0.197450 0.045892 0.183796 0.038307 0.188618 0.029629 0.202271 0.037214 0.2632
0 0.176279 0.030561 0.149472 0.023859 0.152803 0.010532 0.179611 0.017233 0.1846
0 0.179036 0.024089 0.153646 0.024089 0.153646 0.000000 0.179036 0.000000 0.1924
0 0.188802 0.036458 0.157552 0.036458 0.157552 0.016276 0.188802 0.016276 0.1451
0 0.180339 0.038411 0.158203 0.038411 0.158203 0.018229 0.180339 0.018229 0.1574
0 0.200521 0.043620 0.179036 0.043620 0.179036 0.032552 0.200521 0.032552 0.1544
0 0.199219 0.012370 0.166667 0.012370 0.166667 0.003906 0.199219 0.003906 0.2752
0 0.283854 0.540365 0.274740 0.540365 0.274740 0.526693 0.283854 0.526693 0.0986
0 0.198568 0.012370 0.158854 0.012370 0.158854 0.000000 0.198568 0.000000 0.2924
0 0.459252 0.499119 0.440966 0.488147 0.448778 0.475126 0.467065 0.486098 0.0889
0 0.197821 0.493934 0.175511 0.476086 0.185420 0.463701 0.207730 0.481549 0.0619
0 0.254962 0.570489 0.221284 0.564875 0.223624 0.550834 0.257302 0.556447 0.2731
0 0.196407 0.206792 0.173256 0.197260 0.176506 0.189368 0.199656 0.198901 0.1468
0 0.185892 0.033127 0.152037 0.024663 0.155905 0.009191 0.189760 0.017655 0.1739
0 0.194038 0.040602 0.155551 0.033729 0.159225 0.013157 0.197711 0.020029 0.1569
0 0.195982 0.087594 0.161082 0.079540 0.164373 0.065276 0.199274 0.073330 0.1869
0 0.224883 0.523462 0.176267 0.476235 0.190612 0.461468 0.239228 0.508695 0.1493
0 0.283341 0.543130 0.244658 0.540154 0.245979 0.522978 0.284662 0.525954 0.1689
0 0.449602 0.220473 0.425858 0.214537 0.432636 0.187423 0.456380 0.193359 0.0517
0 0.167969 0.999349 0.146484 0.999349 0.146484 0.983724 0.167969 0.983724 0.1660
0 0.199219 0.013021 0.164714 0.013021 0.164714 0.004557 0.199219 0.004557 0.2909
0 0.198708 0.044451 0.169141 0.040755 0.170593 0.029137 0.200160 0.032833 0.3857
0 0.192562 0.029468 0.155495 0.023977 0.158501 0.003685 0.195569 0.009177 0.1901
0 0.362657 0.532065 0.339908 0.515635 0.346020 0.507173 0.368768 0.523603 0.2326
0 0.147702 0.044437 0.146467 0.034143 0.188081 0.029149 0.189317 0.039443 0.3203
0 0.216300 0.216029 0.175696 0.201906 0.179402 0.191250 0.220006 0.205373 0.1836
0 0.166667 1.000000 0.142879 0.999149 0.153871 0.944186 0.177659 0.948943 0.1677
0 0.216182 0.215834 0.173730 0.199914 0.177529 0.189783 0.219981 0.205702 0.5694
0 0.380282 0.542723 0.339736 0.518696 0.345436 0.509077 0.385982 0.533104 0.0702
0 0.197917 0.044922 0.147786 0.044922 0.147786 0.030599 0.197917 0.030599 0.3706
0 0.166667 0.041667 0.147135 0.041667 0.147135 0.033203 0.166667 0.033203 0.4241
0 0.182613 0.024800 0.157240 0.023215 0.158482 0.003354 0.183855 0.004940 0.2173
0 0.270182 0.574219 0.246094 0.574219 0.246094 0.555990 0.270182 0.555990 0.0874
0 0.413681 0.437478 0.357781 0.415118 0.363843 0.399964 0.419742 0.422324 0.0550
0 0.182943 0.028646 0.151042 0.028646 0.151042 0.014323 0.182943 0.014323 0.1224
0 0.265335 0.577103 0.254233 0.573185 0.259858 0.557248 0.270960 0.561166 0.0670
0 0.185054 0.015249 0.155798 0.010748 0.157755 0.000000 0.187011 0.002529 0.2364
0 0.313266 0.414007 0.303486 0.406400 0.323187 0.381070 0.332968 0.388677 0.1061
0 0.149504 0.040915 0.145385 0.018674 0.182616 0.011779 0.186735 0.034020 0.1615
0 0.350786 0.662192 0.329233 0.657701 0.335278 0.628687 0.356830 0.633178 0.0669
0 0.191667 0.034635 0.153546 0.026164 0.157376 0.008931 0.195496 0.017402 0.1670
0 0.195964 0.046224 0.160156 0.046224 0.160156 0.033854 0.195964 0.033854 0.3073
0 0.184141 0.029375 0.150781 0.024609 0.153437 0.006016 0.186797 0.010781 0.1817
0 0.200521 0.046875 0.171875 0.046875 0.171875 0.032552 0.200521 0.032552 0.1554
0 0.197917 0.046224 0.168620 0.046224 0.168620 0.033854 0.197917 0.033854 0.3553
0 0.229661 0.616679 0.195882 0.585602 0.208001 0.572429 0.241780 0.603505 0.9029
0 0.196117 0.087852 0.161167 0.080086 0.164338 0.065816 0.199288 0.073583 0.0999
0 0.183838 0.028590 0.151532 0.024185 0.154150 0.004981 0.186457 0.009387 0.2051
0 0.263659 0.578067 0.221269 0.562028 0.227984 0.544281 0.270374 0.560320 0.8044
0 0.197917 0.011068 0.158854 0.011068 0.158854 0.000000 0.197917 0.000000 0.2669
0 0.197917 0.047526 0.167318 0.047526 0.167318 0.031250 0.197917 0.031250 0.1370
0 0.194340 0.031874 0.156389 0.026603 0.158609 0.010618 0.196560 0.015889 0.1432
0 0.224877 0.524103 0.175977 0.476524 0.190637 0.461456 0.239538 0.509035 0.9243
0 0.181537 0.046338 0.158799 0.018813 0.173890 0.006346 0.196628 0.033871 0.2014
0 0.182973 0.027347 0.151697 0.024368 0.153517 0.005258 0.184793 0.008237 0.1945
0 0.473661 0.533327 0.446101 0.513020 0.462302 0.491034 0.489862 0.511341 0.0503
0 0.169922 0.999349 0.143880 0.999349 0.143880 0.947917 0.169922 0.947917 0.0955
0 0.149815 0.428110 0.146710 0.412585 0.187400 0.404447 0.190505 0.419972 0.1465
0 0.412406 0.436136 0.355928 0.415328 0.361519 0.400152 0.417997 0.420960 0.3373
0 0.248287 0.566971 0.221165 0.563780 0.222467 0.552712 0.249589 0.555903 0.1545
0 0.358180 0.523803 0.338560 0.516445 0.341369 0.508954 0.360989 0.516312 0.0987
0 0.198568 0.011068 0.158854 0.011068 0.158854 0.000000 0.198568 0.000000 0.2300
0 0.456038 0.496384 0.412024 0.480378 0.418677 0.462083 0.462691 0.478088 0.8230
0 0.189974 0.051042 0.163411 0.037760 0.170964 0.022656 0.197526 0.035937 0.1028
0 0.191414 0.032843 0.152122 0.024112 0.156564 0.004121 0.195856 0.012852 0.2269
0 0.453125 0.218099 0.429688 0.218099 0.429688 0.188802 0.453125 0.188802 0.1293
0 0.216250 0.216207 0.175620 0.202143 0.179313 0.191477 0.219942 0.205541 0.1230
0 0.196046 0.087071 0.161188 0.079602 0.164190 0.065596 0.199047 0.073066 0.8280
0 0.159716 0.026055 0.159150 0.006789 0.198504 0.005631 0.199070 0.024897 0.2817
0 0.267829 0.577424 0.247716 0.574910 0.250200 0.555038 0.270313 0.557552 0.2444
0 0.195964 0.184896 0.185547 0.184896 0.185547 0.179688 0.195964 0.179688 0.1201
0 0.185156 0.039193 0.153385 0.023307 0.162109 0.005859 0.193880 0.021745 0.1712
0 0.149893 0.428998 0.146025 0.413526 0.186466 0.403416 0.190334 0.418888 0.8720
0 0.205729 0.505208 0.175456 0.474935 0.189128 0.461263 0.219401 0.491536 0.0956
0 0.168620 0.999349 0.145182 0.999349 0.145182 0.973307 0.168620 0.973307 0.0627
0 0.195964 0.012370 0.156250 0.012370 0.156250 0.000000 0.195964 0.000000 0.2341
0 0.194134 0.040928 0.168268 0.036617 0.170731 0.021836 0.196597 0.026147 0.2174
0 0.201172 0.042969 0.182943 0.042969 0.182943 0.030599 0.201172 0.030599 0.0609
0 0.192959 0.037159 0.156651 0.029898 0.160206 0.012119 0.196514 0.019381 0.1685
0 0.198568 0.011719 0.162760 0.011719 0.162760 0.000000 0.198568 0.000000 0.3641
0 0.456315 0.495638 0.411979 0.480859 0.418164 0.462305 0.462500 0.477083 0.1705
0 0.168620 0.999349 0.145833 0.999349 0.145833 0.973307 0.168620 0.973307 0.1598
0 0.198568 0.011068 0.158203 0.011068 0.158203 0.000000 0.198568 0.000000 0.1948
0 0.360427 0.529347 0.339543 0.515425 0.344952 0.507312 0.365835 0.521234 0.2477
0 0.190141 0.035353 0.150243 0.023953 0.155108 0.006928 0.195005 0.018327 0.1794
0 0.199870 0.044271 0.171224 0.044271 0.171224 0.031901 0.199870 0.031901 0.1780
0 0.190315 0.030634 0.151464 0.024159 0.154737 0.004522 0.193588 0.010997 0.1990
0 0.193921 0.029244 0.163478 0.027069 0.164433 0.013698 0.194876 0.015873 0.1726
0 0.167318 0.999349 0.159505 0.999349 0.159505 0.989583 0.167318 0.989583 0.0502
0 0.189269 0.031989 0.156372 0.020379 0.162899 0.001887 0.195795 0.013498 0.2341
0 0.170573 0.999349 0.145182 0.999349 0.145182 0.947917 0.170573 0.947917 0.0668
0 0.199219 0.012370 0.167318 0.012370 0.167318 0.003255 0.199219 0.003255 0.2917
0 0.263021 0.537760 0.244792 0.537760 0.244792 0.528646 0.263021 0.528646 0.0829
0 0.197917 0.185547 0.184245 0.185547 0.184245 0.178385 0.197917 0.178385 0.1257
0 0.283069 0.543263 0.244469 0.539200 0.246195 0.522797 0.284796 0.526860 0.7667
0 0.199870 0.012370 0.161458 0.012370 0.161458 0.000000 0.199870 0.000000 0.1435
0 0.197216 0.041879 0.148920 0.040295 0.149438 0.024484 0.197734 0.026068 0.3185
0 0.264189 0.578482 0.248493 0.572596 0.255315 0.554402 0.271012 0.560288 0.2138
0 0.382175 0.539424 0.348281 0.524017 0.352227 0.515335 0.386121 0.530742 0.0502
0 0.194076 0.087695 0.161068 0.076693 0.165430 0.063607 0.198438 0.074609 0.1409
0 0.452669 0.493555 0.411849 0.479948 0.417773 0.462174 0.458594 0.475781 0.0946
0 0.177612 0.023263 0.152988 0.018917 0.156678 0.000000 0.181302 0.002353 0.1821
0 0.311540 0.409487 0.306144 0.404631 0.323399 0.385460 0.328794 0.390316 0.0508
0 0.167042 1.000000 0.142753 0.999124 0.153746 0.944161 0.178035 0.949018 0.8672
0 0.459263 0.495586 0.418462 0.489309 0.420539 0.475806 0.461340 0.482083 0.0839
0 0.377703 0.543188 0.338872 0.516305 0.345247 0.507096 0.384078 0.533979 0.1000
0 0.176432 0.046224 0.147786 0.046224 0.147786 0.034505 0.176432 0.034505 0.1004
0 0.450890 0.221090 0.425869 0.216920 0.430884 0.186831 0.455905 0.191002 0.0809
0 0.223440 0.523529 0.195298 0.491549 0.210708 0.477988 0.238850 0.509968 0.0619
0 0.195599 0.044323 0.181641 0.033854 0.186953 0.026771 0.200911 0.037240 0.2361
0 0.199870 0.012370 0.170573 0.012370 0.170573 0.003906 0.199870 0.003906 0.2022
0 0.229244 0.616324 0.196131 0.585281 0.208272 0.572331 0.241385 0.603373 0.1469
0 0.175781 0.044922 0.148438 0.044922 0.148438 0.034505 0.175781 0.034505 0.1602
0 0.148055 0.430760 0.143880 0.414062 0.186313 0.403454 0.190487 0.420152 0.0508
0 0.167318 0.999349 0.158203 0.999349 0.158203 0.989583 0.167318 0.989583 0.0583
0 0.216324 0.217189 0.172731 0.200842 0.176878 0.189783 0.220471 0.206130 0.0874
0 0.198568 0.011719 0.164062 0.011719 0.164062 0.000000 0.198568 0.000000 0.4125
