0 0.108073 0.982422 0.083984 0.982422 0.083984 0.953776 0.108073 0.953776 0.0708
0 0.133502 0.995290 0.105928 0.988396 0.113281 0.958984 0.140855 0.965878 0.0617
0 0.542807 0.540688 0.505985 0.520913 0.555374 0.428947 0.592196 0.448722 0.0655
0 0.194552 0.831518 0.146670 0.814106 0.158455 0.781697 0.206337 0.799109 0.0501
0 0.458562 0.743270 0.413807 0.724167 0.450892 0.637282 0.495647 0.656385 0.0528
0 0.126886 1.000000 0.077070 0.983365 0.092089 0.948321 0.141905 0.969671 0.0527
0 0.942364 0.088814 0.935403 0.038342 0.993563 0.030319 1.000000 0.080791 0.0606
0 0.157777 0.903085 0.139929 0.895946 0.154162 0.860363 0.172010 0.867502 0.0947
0 0.134240 0.994166 0.107197 0.988757 0.112956 0.959961 0.139999 0.965370 0.0776
0 0.693701 0.154233 0.654846 0.127590 0.664823 0.113040 0.703678 0.139683 0.1744
0 0.438151 0.205729 0.431641 0.205729 0.431641 0.197917 0.438151 0.197917 0.0663
0 0.696172 0.152364 0.680345 0.145330 0.687057 0.130228 0.702883 0.137262 0.0615
0 0.476944 0.425153 0.447198 0.413254 0.453754 0.396866 0.483499 0.408764 0.1035
0 0.164814 0.778145 0.140400 0.773262 0.148763 0.731445 0.173177 0.736328 0.0694
0 0.695573 0.153776 0.667969 0.139974 0.676302 0.123307 0.703906 0.137109 0.0821
0 0.147230 0.300831 0.132900 0.281127 0.146604 0.271161 0.160934 0.290864 0.1047
0 0.694698 0.153587 0.678312 0.143346 0.687383 0.128833 0.703769 0.139074 0.0693
0 0.137044 0.810221 0.097656 0.770833 0.113607 0.754883 0.152995 0.794271 0.1022
0 0.475911 0.269531 0.463542 0.269531 0.463542 0.253906 0.475911 0.253906 0.0568
0 0.097656 0.939453 0.074870 0.939453 0.074870 0.915365 0.097656 0.915365 0.0789
0 0.113932 0.812500 0.087630 0.799349 0.098568 0.777474 0.124870 0.790625 0.0931
0 0.679036 0.134766 0.657552 0.134766 0.657552 0.120443 0.679036 0.120443 0.0602
0 0.248222 0.664102 0.207895 0.637734 0.230363 0.603371 0.270690 0.629739 0.0625
0 0.138672 0.992188 0.097656 0.992188 0.097656 0.961589 0.138672 0.961589 0.0537
0 0.127375 0.294964 0.107773 0.281393 0.136930 0.239279 0.156531 0.252849 0.0602
0 0.693942 0.154321 0.654293 0.127531 0.664186 0.112890 0.703835 0.139679 0.9166
0 0.070964 0.979167 0.050456 0.958659 0.066081 0.943034 0.086589 0.963542 0.0727
0 0.822917 0.190755 0.799479 0.190755 0.799479 0.168620 0.822917 0.168620 0.0600
0 0.129948 0.995964 0.104688 0.983333 0.117448 0.957813 0.142708 0.970443 0.0608
0 0.582884 0.896203 0.544403 0.877975 0.562671 0.839411 0.601152 0.857638 0.0708
0 0.677083 0.141276 0.653906 0.129688 0.660807 0.115885 0.683984 0.127474 0.0641
0 0.876683 0.224299 0.854923 0.218364 0.863051 0.188562 0.884811 0.194496 0.0528
0 0.676042 0.140104 0.653906 0.129036 0.660547 0.115755 0.682682 0.126823 0.0670
0 0.677734 0.134115 0.657552 0.134115 0.657552 0.120443 0.677734 0.120443 0.0546
0 0.694063 0.154594 0.676498 0.142298 0.686591 0.127879 0.704156 0.140175 0.0702
0 0.591555 0.886287 0.571894 0.882916 0.577421 0.850679 0.597081 0.854049 0.0676
0 0.696166 0.152523 0.680294 0.145721 0.686894 0.130321 0.702766 0.137123 0.0678
