0 0.165365 0.447917 0.154297 0.447917 0.154297 0.428385 0.165365 0.428385 0.1727
0 0.025362 0.445438 0.022719 0.434537 0.052999 0.427197 0.055641 0.438097 0.0629
0 0.582207 0.163658 0.562993 0.160455 0.567057 0.136068 0.586272 0.139270 0.1027
0 0.314117 0.323207 0.297970 0.314399 0.322278 0.269834 0.338426 0.278642 0.1688
0 0.366386 0.148337 0.340651 0.139146 0.357575 0.091759 0.383310 0.100950 0.0582
0 0.401189 0.312635 0.389839 0.309392 0.399494 0.275599 0.410844 0.278842 0.0963
0 0.284438 0.259608 0.272203 0.254714 0.289534 0.211387 0.301769 0.216281 0.0631
0 0.200072 0.114397 0.157776 0.094169 0.163726 0.081729 0.206022 0.101957 0.1323
0 0.165095 0.346332 0.143723 0.292901 0.162581 0.285358 0.183953 0.338789 0.1407
0 0.524740 0.188802 0.496745 0.188802 0.496745 0.137370 0.524740 0.137370 0.0614
0 0.312891 0.324089 0.298307 0.316797 0.311458 0.290495 0.326042 0.297787 0.0678
0 0.460974 0.212413 0.433630 0.197133 0.453338 0.161865 0.480683 0.177146 0.0910
0 0.026852 0.445481 0.024233 0.435585 0.052542 0.428092 0.055161 0.437987 0.0810
0 0.550781 0.171224 0.537435 0.157878 0.551107 0.144206 0.564453 0.157552 0.1029
0 0.326930 0.201887 0.309340 0.195555 0.316602 0.175383 0.334192 0.181715 0.0624
0 0.476070 0.196091 0.456142 0.180148 0.480659 0.149501 0.500588 0.165444 0.0676
0 0.475791 0.194351 0.458078 0.180574 0.475501 0.158173 0.493214 0.171950 0.1014
0 0.355359 0.142203 0.343729 0.140089 0.352219 0.093396 0.363849 0.095510 0.0873
0 0.465950 0.210558 0.446467 0.209863 0.448297 0.158635 0.467780 0.159331 0.1023
0 0.581891 0.147137 0.571371 0.069290 0.609491 0.064138 0.620011 0.141985 0.0524
0 0.524897 0.192148 0.494579 0.190254 0.497951 0.136306 0.528268 0.138201 0.2373
0 0.243015 0.164377 0.235708 0.155852 0.261550 0.133701 0.268857 0.142226 0.1209
0 0.311078 0.092779 0.290056 0.077182 0.320677 0.035910 0.341699 0.051507 0.1285
0 0.313860 0.220703 0.297167 0.215302 0.306819 0.185470 0.323511 0.190871 0.1160
0 0.071865 0.419972 0.068860 0.415465 0.075320 0.411158 0.078325 0.415665 0.0581
0 0.496094 0.183594 0.474609 0.183594 0.474609 0.154948 0.496094 0.154948 0.0922
0 0.285386 0.267310 0.271293 0.263787 0.284314 0.211703 0.298407 0.215227 0.3985
0 0.516876 0.191398 0.490113 0.187116 0.498479 0.134835 0.525241 0.139117 0.0570
0 0.103763 0.077182 0.092201 0.072557 0.108185 0.032597 0.119747 0.037222 0.0603
0 0.162746 0.342582 0.150933 0.300395 0.170083 0.295033 0.181896 0.337220 0.0525
0 0.236328 0.138672 0.226562 0.138672 0.226562 0.104167 0.236328 0.104167 0.1525
0 0.486482 0.191123 0.464742 0.183297 0.476121 0.151690 0.497861 0.159516 0.1395
0 0.420501 0.312400 0.398266 0.300753 0.416730 0.265503 0.438965 0.277150 0.1332
0 0.463834 0.190600 0.459470 0.170236 0.475743 0.166749 0.480107 0.187113 0.1137
0 0.478516 0.134115 0.463542 0.134115 0.463542 0.119141 0.478516 0.119141 0.1444
0 0.482813 0.194531 0.459635 0.182943 0.476693 0.148828 0.499870 0.160417 0.0713
0 0.319661 0.186198 0.311198 0.186198 0.311198 0.167318 0.319661 0.167318 0.1819
0 0.543880 0.173698 0.534115 0.154167 0.577865 0.132292 0.587630 0.151823 0.1371
0 0.404827 0.309842 0.391417 0.303882 0.409297 0.263652 0.422707 0.269612 0.0559
0 0.489162 0.188534 0.467563 0.183134 0.475146 0.152803 0.496745 0.158203 0.0733
0 0.226369 0.154807 0.215706 0.153030 0.222568 0.111856 0.233231 0.113633 0.1452
0 0.162075 0.345558 0.155151 0.316129 0.175109 0.311433 0.182033 0.340862 0.0619
0 0.226037 0.156275 0.215395 0.154147 0.222080 0.120718 0.232722 0.122847 0.1575
0 0.151651 0.136796 0.143343 0.132323 0.160861 0.099789 0.169169 0.104262 0.2162
0 0.236328 0.147786 0.225260 0.147786 0.225260 0.111328 0.236328 0.111328 0.0948
0 0.581545 0.147184 0.570899 0.068403 0.609365 0.063205 0.620011 0.141985 0.1843
0 0.570707 0.168078 0.560410 0.160589 0.574458 0.141273 0.584755 0.148761 0.1076
0 0.318854 0.308151 0.304271 0.297214 0.324661 0.270026 0.339245 0.280964 0.1030
0 0.482292 0.193620 0.460417 0.182682 0.476563 0.150391 0.498438 0.161328 0.1288
0 0.314193 0.324089 0.298568 0.316276 0.313542 0.286328 0.329167 0.294141 0.0823
0 0.100911 0.373698 0.086589 0.373698 0.086589 0.369141 0.100911 0.369141 0.0526
0 0.161599 0.345897 0.157376 0.320559 0.177858 0.317145 0.182081 0.342483 0.0803
0 0.236328 0.143880 0.225260 0.143880 0.225260 0.105469 0.236328 0.105469 0.1319
0 0.246444 0.167117 0.236045 0.155679 0.261580 0.132465 0.271979 0.143904 0.0940
0 0.315697 0.220759 0.295741 0.213716 0.312051 0.167504 0.332007 0.174547 0.5131
0 0.335286 0.293620 0.311849 0.293620 0.311849 0.272135 0.335286 0.272135 0.0515
0 0.558594 0.168620 0.539062 0.168620 0.539062 0.150391 0.558594 0.150391 0.1094
0 0.159153 0.305428 0.150017 0.288462 0.158170 0.284072 0.167306 0.301038 0.0906
0 0.165746 0.347028 0.142612 0.293047 0.161470 0.284965 0.184604 0.338946 0.8850
0 0.298916 0.195189 0.289541 0.182299 0.296432 0.177287 0.305807 0.190178 0.1066
0 0.533238 0.170062 0.532313 0.148788 0.568080 0.147232 0.569005 0.168507 0.0861
0 0.494769 0.185220 0.471728 0.183574 0.473892 0.153269 0.496933 0.154915 0.0803
0 0.343187 0.196491 0.336747 0.157851 0.386684 0.149528 0.393124 0.188169 0.4417
0 0.201812 0.114393 0.157496 0.095400 0.163120 0.082278 0.207435 0.101271 0.0544
0 0.368658 0.129953 0.350974 0.099238 0.361538 0.093156 0.379223 0.123871 0.1383
0 0.284961 0.261003 0.273633 0.257227 0.288737 0.211914 0.300065 0.215690 0.1162
0 0.486205 0.193138 0.460495 0.185793 0.470249 0.151656 0.495959 0.159002 0.0753
0 0.858464 0.480990 0.843359 0.454557 0.865375 0.441977 0.880479 0.468409 0.0870
0 0.524740 0.181641 0.522786 0.181641 0.522786 0.174479 0.524740 0.174479 0.0528
0 0.244475 0.160103 0.234234 0.158397 0.235378 0.151534 0.245619 0.153241 0.0730
0 0.165005 0.346107 0.143499 0.292340 0.162356 0.284797 0.183863 0.338564 0.1543
0 0.560547 0.169271 0.533203 0.169271 0.533203 0.147786 0.560547 0.147786 0.0990
0 0.102925 0.077006 0.092542 0.072602 0.109204 0.033328 0.119586 0.037733 0.2213
0 0.637187 0.119276 0.625821 0.117571 0.631795 0.077745 0.643161 0.079449 0.1831
0 0.400503 0.312545 0.387707 0.307426 0.406115 0.261404 0.418912 0.266523 0.3257
0 0.532552 0.197917 0.520182 0.197917 0.520182 0.154297 0.532552 0.154297 0.1265
0 0.249023 0.166992 0.237630 0.155599 0.263021 0.130208 0.274414 0.141602 0.0549
0 0.492839 0.207682 0.447917 0.207682 0.447917 0.156250 0.492839 0.156250 0.0608
0 0.567708 0.159505 0.560859 0.141240 0.579909 0.134097 0.586758 0.152362 0.1204
0 0.414520 0.319211 0.386439 0.304235 0.408823 0.262266 0.436903 0.277242 0.0572
0 0.278363 0.190738 0.270416 0.184718 0.299189 0.146738 0.307136 0.152758 0.5026
0 0.253357 0.168288 0.239770 0.156299 0.262170 0.130913 0.275757 0.142901 0.0544
0 0.478516 0.134115 0.463542 0.134115 0.463542 0.119141 0.478516 0.119141 0.1043
0 0.456572 0.133570 0.452241 0.052724 0.466372 0.051967 0.470703 0.132813 0.1469
0 0.308861 0.220534 0.303760 0.188910 0.317515 0.186691 0.322616 0.218316 0.1413
0 0.548027 0.170673 0.537810 0.155349 0.564403 0.137620 0.574619 0.152945 0.1187
0 0.226042 0.156510 0.214128 0.152539 0.230404 0.103711 0.242318 0.107682 0.5059
0 0.313151 0.323568 0.298568 0.316276 0.311979 0.289453 0.326563 0.296745 0.0894
0 0.464193 0.128906 0.454586 0.128454 0.458041 0.055049 0.467647 0.055501 0.0524
0 0.313968 0.323481 0.297820 0.314673 0.322427 0.269560 0.338575 0.278368 0.8643
0 0.214993 0.142934 0.205980 0.140447 0.215062 0.107527 0.224074 0.110013 0.3562
0 0.343177 0.195208 0.337786 0.157474 0.386914 0.150456 0.392305 0.188190 0.0881
0 0.312018 0.184651 0.310834 0.168088 0.318792 0.167519 0.319975 0.184083 0.0865
0 0.529966 0.196273 0.494428 0.194402 0.497453 0.136927 0.532991 0.138798 0.2253
0 0.463930 0.211036 0.447101 0.210700 0.448127 0.159392 0.464956 0.159729 0.2793
0 0.367839 0.147786 0.342643 0.139388 0.358203 0.092708 0.383398 0.101107 0.0545
0 0.461031 0.212214 0.433220 0.196202 0.453361 0.161219 0.481172 0.177232 0.0977
0 0.585286 0.149089 0.573142 0.088366 0.609450 0.081105 0.621595 0.141827 0.0554
0 0.368783 0.145598 0.344868 0.140018 0.355957 0.092497 0.379871 0.098077 0.1725
0 0.252457 0.168355 0.239863 0.156767 0.262064 0.132635 0.274659 0.144223 0.1874
0 0.529917 0.200008 0.513511 0.196362 0.523637 0.150797 0.540043 0.154442 0.0614
0 0.292318 0.176432 0.283464 0.172005 0.296484 0.145964 0.305339 0.150391 0.1000
