0 0.841565 0.079958 0.816140 0.000293 0.841898 0.000000 0.867324 0.071737 0.5177
0 0.645471 0.562091 0.631719 0.552384 0.667336 0.501928 0.681087 0.511635 0.1257
0 0.731548 0.039372 0.709433 0.001645 0.733559 0.000000 0.755675 0.025229 0.0965
0 0.819678 0.073622 0.797491 0.000405 0.828046 0.000000 0.850233 0.064363 0.5369
0 0.722803 0.111122 0.661740 0.003535 0.676952 0.000000 0.738015 0.102488 0.1088
0 0.677350 0.141999 0.597773 0.004064 0.620843 0.000000 0.700420 0.128689 0.1629
0 0.861697 0.396807 0.837222 0.375392 0.847587 0.363546 0.872062 0.384962 0.0713
0 0.848958 0.056641 0.822136 0.002995 0.839063 0.000000 0.865885 0.048177 0.3382
0 0.698778 0.126604 0.628259 0.002589 0.656514 0.000000 0.727032 0.110538 0.2114
0 0.961131 0.356668 0.914542 0.320206 0.924186 0.307883 0.970776 0.344345 0.1276
0 0.762109 0.110807 0.707813 0.002214 0.735156 0.000000 0.789453 0.097135 0.2155
0 0.840831 0.080451 0.833403 0.048261 0.855037 0.043269 0.862466 0.075459 0.0867
0 0.641341 0.025935 0.629449 0.000664 0.650048 0.000000 0.661940 0.016241 0.0628
0 0.814255 0.089367 0.767515 0.002848 0.791937 0.000000 0.838677 0.076173 0.0548
0 0.764212 0.147485 0.738869 0.115806 0.756812 0.101451 0.782155 0.133130 0.1271
0 0.696572 0.130522 0.638500 0.025993 0.668847 0.009133 0.726919 0.113662 0.0759
0 0.893602 0.358757 0.844646 0.313177 0.856178 0.300791 0.905134 0.346371 0.1004
0 0.729662 0.118732 0.663093 0.001662 0.695119 0.000000 0.761688 0.100520 0.7404
0 0.658854 0.026042 0.630859 0.026042 0.630859 0.000000 0.658854 0.000000 0.0951
0 0.744152 0.116582 0.715985 0.100013 0.734763 0.068090 0.762931 0.084659 0.0507
0 0.680356 0.031976 0.665951 0.004066 0.676399 0.000000 0.690804 0.026584 0.0549
0 0.050781 0.645833 0.022135 0.645833 0.022135 0.572917 0.050781 0.572917 0.0545
0 0.697956 0.132744 0.627977 0.002244 0.688742 0.000000 0.758721 0.100160 0.0779
0 0.843836 0.080949 0.833365 0.054024 0.852121 0.046730 0.862592 0.073655 0.0981
0 0.843972 0.081013 0.832624 0.054061 0.851252 0.046218 0.862600 0.073169 0.1587
0 0.842844 0.080485 0.834276 0.053559 0.854162 0.047232 0.862729 0.074158 0.0546
0 0.792340 0.363119 0.750155 0.326839 0.763274 0.311585 0.805459 0.347864 0.0555
0 0.658203 0.024740 0.631510 0.024740 0.631510 0.000000 0.658203 0.000000 0.1157
0 0.445638 0.529622 0.434245 0.518229 0.451823 0.500651 0.463216 0.512044 0.0576
0 0.699263 0.128372 0.627144 0.002884 0.653954 0.000000 0.726073 0.112964 0.7798
0 0.866667 0.053646 0.840365 0.001042 0.863021 0.000000 0.889323 0.042318 0.5693
0 0.838078 0.699954 0.826765 0.686127 0.881929 0.640993 0.893242 0.654819 0.1155
0 0.791738 0.835279 0.783319 0.822267 0.814606 0.802023 0.823025 0.815034 0.0659
0 0.643880 0.033203 0.627604 0.000651 0.650781 0.000000 0.667057 0.021615 0.0537
0 0.763757 0.105489 0.759019 0.049820 0.781545 0.047903 0.786283 0.103572 0.0789
0 0.839344 0.083177 0.797984 0.016365 0.821249 0.001963 0.862609 0.068776 0.0948
0 0.843673 0.081264 0.832276 0.053404 0.851263 0.045636 0.862660 0.073496 0.1544
0 0.737630 0.013021 0.712891 0.013021 0.712891 0.000000 0.737630 0.000000 0.0901
0 0.684417 0.037397 0.662875 0.001494 0.686428 0.000000 0.707969 0.023265 0.0500
0 0.860026 0.077474 0.839193 0.077474 0.839193 0.049479 0.860026 0.049479 0.0825
0 0.810256 0.036131 0.796518 0.001163 0.810759 0.000000 0.824496 0.030536 0.1055
0 0.767708 0.111589 0.742188 0.060547 0.767188 0.048047 0.792708 0.099089 0.0806
0 0.679948 0.031771 0.666146 0.004167 0.676563 0.000000 0.690365 0.026562 0.0539
0 0.679455 0.031896 0.666383 0.004117 0.676729 0.000000 0.689802 0.027027 0.0617
0 0.657552 0.024089 0.632161 0.024089 0.632161 0.000000 0.657552 0.000000 0.1424
0 0.666593 0.243748 0.622310 0.164038 0.636461 0.156176 0.680744 0.235886 0.0672
0 0.368039 0.993840 0.327774 0.966997 0.339293 0.949719 0.379557 0.976562 0.1160
0 0.763151 0.110937 0.708594 0.001823 0.734896 0.000000 0.789453 0.097786 0.7159
0 0.940533 0.300258 0.890868 0.246588 0.904478 0.233993 0.954143 0.287664 0.1715
0 0.825849 0.063807 0.795981 0.001682 0.813645 0.000000 0.843513 0.055315 0.1161
0 0.822504 0.971790 0.765656 0.926704 0.795823 0.888668 0.852670 0.933754 0.0507
0 0.845602 0.058079 0.828102 0.001414 0.870092 0.000000 0.887591 0.045112 0.2951
0 0.679818 0.031510 0.666276 0.004427 0.676172 0.000000 0.689714 0.026563 0.0525
0 0.861895 0.396691 0.837178 0.375506 0.847381 0.363603 0.872097 0.384789 0.0724
0 0.700129 0.128585 0.639881 0.024519 0.667161 0.008726 0.727409 0.112791 0.0728
0 0.769320 0.111266 0.743096 0.063188 0.766313 0.050524 0.792537 0.098602 0.0902
0 0.676857 0.144790 0.598837 0.002204 0.622027 0.000000 0.700046 0.132102 0.8701
0 0.866200 0.053286 0.844681 0.000684 0.867648 0.000000 0.889167 0.043891 0.1021
0 0.683477 0.340520 0.622395 0.290750 0.632975 0.277766 0.694057 0.327536 0.2587
0 0.767188 0.961719 0.755990 0.956120 0.767839 0.932422 0.779036 0.938021 0.0646
0 0.727865 0.040365 0.704427 0.040365 0.704427 0.000000 0.727865 0.000000 0.0649
0 0.843431 0.081926 0.832071 0.054945 0.851397 0.046808 0.862757 0.073788 0.0553
0 0.740260 0.105090 0.692597 0.003409 0.710545 0.000000 0.758208 0.096677 0.0812
0 0.813710 0.090345 0.768452 0.001885 0.792259 0.000000 0.837517 0.078165 0.1754
0 0.842629 0.081204 0.833497 0.052505 0.853383 0.046178 0.862514 0.074877 0.0562
0 0.729557 0.043099 0.708464 0.000911 0.734766 0.000000 0.755859 0.029948 0.1063
0 0.853298 0.074851 0.837593 0.004781 0.860166 0.000000 0.875871 0.069792 0.0827
0 0.812701 0.090828 0.769763 0.001136 0.792792 0.000000 0.835730 0.079804 0.7248
0 0.791367 0.363996 0.749147 0.327053 0.763303 0.310875 0.805523 0.347818 0.1271
0 0.617969 0.037370 0.599479 0.000391 0.621094 0.000000 0.639583 0.026563 0.0552
