0 0.104857 0.612924 0.080348 0.610201 0.082420 0.591551 0.106930 0.594274 0.0693
0 0.192057 0.714193 0.163672 0.700000 0.184635 0.658073 0.213021 0.672266 0.1836
0 0.348365 0.780314 0.341678 0.759300 0.363767 0.752272 0.370454 0.773286 0.0574
0 0.018751 0.585925 0.011674 0.577274 0.017204 0.572749 0.024282 0.581400 0.0795
0 0.372569 0.818348 0.338277 0.788342 0.359611 0.763960 0.393903 0.793965 0.0573
0 0.381713 0.743747 0.380767 0.718223 0.399140 0.717542 0.400086 0.743067 0.0842
0 0.005859 0.580078 0.000000 0.580078 0.000000 0.572266 0.005859 0.572266 0.0545
0 0.236243 0.659903 0.200578 0.634861 0.214884 0.614487 0.250549 0.639528 0.0669
0 0.234566 0.645718 0.194279 0.635646 0.198644 0.618183 0.238932 0.628255 0.0647
0 0.100676 0.604991 0.080475 0.596574 0.084616 0.586635 0.104818 0.595052 0.0917
0 0.483073 0.927083 0.479818 0.927083 0.479818 0.924479 0.483073 0.924479 0.0508
0 0.067656 0.599312 0.051751 0.588179 0.056737 0.581057 0.072641 0.592190 0.0504
0 0.222005 0.636068 0.196615 0.636068 0.196615 0.621745 0.222005 0.621745 0.0875
0 0.079427 0.597656 0.064453 0.597656 0.064453 0.589193 0.079427 0.589193 0.1757
0 0.355728 0.794934 0.342905 0.762163 0.363917 0.753940 0.376741 0.786711 0.0701
0 0.115603 0.663410 0.104903 0.660154 0.112599 0.634869 0.123298 0.638126 0.0824
0 0.290659 0.761853 0.281879 0.757862 0.283841 0.753545 0.292621 0.757536 0.0581
0 0.350156 0.798099 0.334115 0.786068 0.351536 0.762839 0.367578 0.774870 0.0531
0 0.412109 0.737630 0.399740 0.737630 0.399740 0.718099 0.412109 0.718099 0.1418
0 0.027995 0.678385 0.011719 0.678385 0.011719 0.666667 0.027995 0.666667 0.1037
0 0.027995 0.678385 0.012370 0.678385 0.012370 0.667318 0.027995 0.667318 0.1327
0 0.080078 0.600260 0.062500 0.600260 0.062500 0.589193 0.080078 0.589193 0.3807
0 0.016927 0.625651 0.000000 0.625651 0.000000 0.597656 0.016927 0.597656 0.1730
0 0.094226 0.617700 0.079519 0.594007 0.097784 0.582671 0.112490 0.606364 0.0821
0 0.238466 0.657611 0.208310 0.632840 0.225907 0.611418 0.256063 0.636188 0.0522
0 0.082031 0.597656 0.071615 0.597656 0.071615 0.589193 0.082031 0.589193 0.0972
0 0.216958 0.654685 0.189428 0.648331 0.195879 0.620373 0.223410 0.626726 0.0585
0 0.026693 0.678385 0.013021 0.678385 0.013021 0.668620 0.026693 0.668620 0.6482
0 0.088757 0.626860 0.074282 0.614671 0.083162 0.604125 0.097637 0.616315 0.0741
0 0.002604 0.580729 0.000000 0.580729 0.000000 0.576823 0.002604 0.576823 0.1043
0 0.062500 0.698568 0.046875 0.698568 0.046875 0.680339 0.062500 0.680339 0.0764
0 0.012628 0.612148 0.009159 0.604055 0.014110 0.601933 0.017578 0.610026 0.0855
0 0.100009 0.611645 0.078979 0.594966 0.088411 0.583073 0.109442 0.599752 0.0613
0 0.203797 0.697753 0.183435 0.691556 0.191808 0.664043 0.212171 0.670241 0.0659
0 0.025391 0.589193 0.000000 0.589193 0.000000 0.572917 0.025391 0.572917 0.0527
0 0.390625 0.765625 0.379557 0.754557 0.393555 0.740560 0.404622 0.751628 0.0548
0 0.102308 0.618458 0.078515 0.615176 0.081793 0.591405 0.105587 0.594687 0.0816
0 0.016927 0.626953 0.000000 0.626953 0.000000 0.597656 0.016927 0.597656 0.0698
0 0.088785 0.624660 0.069969 0.597922 0.091789 0.582568 0.110604 0.609306 0.0652
0 0.116945 0.656876 0.107978 0.654117 0.119000 0.618296 0.127967 0.621055 0.2206
0 0.043019 0.725010 0.029557 0.717318 0.052394 0.677354 0.065855 0.685046 0.1780
0 0.218629 0.655294 0.189863 0.649130 0.196056 0.620230 0.224822 0.626394 0.0559
0 0.077886 0.605191 0.056942 0.598646 0.060591 0.586969 0.081535 0.593514 0.0856
0 0.019884 0.614396 0.000000 0.613288 0.000466 0.582296 0.021515 0.583404 0.0534
0 0.020182 0.626953 0.000000 0.626953 0.000000 0.595052 0.020182 0.595052 0.0697
0 0.100291 0.601425 0.080024 0.596921 0.081434 0.590579 0.101700 0.595083 0.1017
0 0.024634 0.592430 0.007742 0.589615 0.010311 0.574201 0.027203 0.577016 0.0693
0 0.043102 0.725675 0.029394 0.717927 0.052323 0.677360 0.066031 0.685108 0.8871
0 0.476677 0.928845 0.474265 0.919194 0.493107 0.914484 0.495519 0.924134 0.0936
0 0.350112 0.796834 0.335554 0.783662 0.359399 0.757307 0.373957 0.770479 0.0645
0 0.114824 0.659514 0.105834 0.656143 0.119961 0.618472 0.128951 0.621843 0.7450
0 0.026042 0.678385 0.012370 0.678385 0.012370 0.668620 0.026042 0.668620 0.1494
0 0.318620 0.668750 0.282422 0.650651 0.290365 0.634766 0.326563 0.652865 0.0521
0 0.242438 0.641226 0.225160 0.629708 0.229567 0.623097 0.246845 0.634615 0.0923
0 0.114325 0.661214 0.104109 0.657608 0.113676 0.630501 0.123892 0.634107 0.1211
0 0.236836 0.667787 0.212999 0.659205 0.223232 0.630780 0.247069 0.639362 0.0661
0 0.382682 0.812761 0.359245 0.801042 0.370964 0.777604 0.394401 0.789323 0.0783
0 0.389610 0.743609 0.387895 0.719596 0.411676 0.717897 0.413392 0.741910 0.1212
0 0.020869 0.586229 0.000000 0.578040 0.001414 0.568306 0.024345 0.576496 0.0805
0 0.121745 0.628906 0.116764 0.625419 0.121719 0.618341 0.126700 0.621828 0.0798
0 0.213216 0.655924 0.188216 0.647591 0.196940 0.621419 0.221940 0.629753 0.0621
0 0.293666 0.766981 0.285761 0.757759 0.290158 0.753990 0.298062 0.763212 0.0531
0 0.025694 0.587835 0.005736 0.579281 0.009575 0.570324 0.029533 0.578877 0.0612
0 0.005208 0.578776 0.000000 0.578776 0.000000 0.572917 0.005208 0.572917 0.2253
0 0.101495 0.617628 0.077719 0.613970 0.081241 0.591074 0.105017 0.594732 0.0774
0 0.350783 0.792637 0.339892 0.772410 0.360662 0.761226 0.371554 0.781453 0.1112
0 0.085938 0.598958 0.076172 0.595703 0.077995 0.590234 0.087760 0.593490 0.1030
0 0.024740 0.677734 0.013021 0.677734 0.013021 0.669922 0.024740 0.669922 0.1301
0 0.368815 0.816732 0.336589 0.784505 0.361654 0.759440 0.393880 0.791667 0.0613
0 0.412760 0.743490 0.391927 0.743490 0.391927 0.720052 0.412760 0.720052 0.1328
0 0.229575 0.677499 0.195974 0.653062 0.210107 0.633629 0.243708 0.658066 0.0897
0 0.374033 0.817805 0.340672 0.790510 0.359817 0.767111 0.393178 0.794406 0.0865
0 0.100260 0.610026 0.075273 0.604672 0.078427 0.589955 0.103414 0.595309 0.0877
0 0.401367 0.759440 0.394531 0.752604 0.401042 0.746094 0.407878 0.752930 0.0731
0 0.495443 0.927734 0.476562 0.927734 0.476562 0.914714 0.495443 0.914714 0.0509
0 0.237966 0.643084 0.201608 0.633168 0.205048 0.620553 0.241406 0.630469 0.0562
0 0.230831 0.676561 0.187770 0.652639 0.199931 0.630749 0.242992 0.654672 0.1626
0 0.408815 0.756784 0.394505 0.754740 0.397917 0.730859 0.412227 0.732904 0.1094
0 0.021817 0.583313 0.000000 0.575226 0.001694 0.568174 0.024336 0.576260 0.0768
0 0.082031 0.597005 0.071615 0.597005 0.071615 0.589193 0.082031 0.589193 0.1273
0 0.193099 0.714974 0.163997 0.705273 0.171029 0.684180 0.200130 0.693880 0.0533
0 0.394761 0.759308 0.358552 0.753514 0.364862 0.714081 0.401070 0.719874 0.1487
0 0.321877 0.669568 0.285357 0.659297 0.290267 0.641839 0.326787 0.652110 0.0516
0 0.380132 0.809589 0.359727 0.785784 0.374740 0.772917 0.395144 0.796722 0.0637
0 0.317045 0.672187 0.267036 0.653265 0.274124 0.634533 0.324133 0.653455 0.0533
0 0.408897 0.747723 0.395989 0.740838 0.404711 0.724483 0.417620 0.731368 0.1311
0 0.411765 0.743566 0.396140 0.739660 0.401425 0.718520 0.417050 0.722426 0.3106
0 0.365640 0.818029 0.335601 0.781163 0.360874 0.760570 0.390913 0.797436 0.1026
0 0.105469 0.620443 0.082031 0.620443 0.082031 0.594401 0.105469 0.594401 0.0500
0 0.113802 0.662370 0.101302 0.656120 0.120182 0.618360 0.132682 0.624609 0.0673
0 0.102023 0.602707 0.080724 0.596743 0.082895 0.588992 0.104194 0.594956 0.0967
0 0.043299 0.725821 0.029347 0.717849 0.043209 0.693590 0.057161 0.701562 0.0917
0 0.106120 0.619792 0.083333 0.619792 0.083333 0.594401 0.106120 0.594401 0.0594
0 0.093750 0.597005 0.078125 0.597005 0.078125 0.591797 0.093750 0.591797 0.1210
