0 0.999349 0.087240 0.979818 0.087240 0.979818 0.055990 0.999349 0.055990 0.1970
0 0.792413 0.398222 0.771950 0.382307 0.785973 0.364278 0.806435 0.380193 0.1191
0 0.491835 0.929228 0.489626 0.865166 0.534001 0.863635 0.536210 0.927698 0.0838
0 0.014323 0.944661 0.000000 0.944661 0.000000 0.910156 0.014323 0.910156 0.2210
0 0.546863 0.957314 0.538755 0.928938 0.569453 0.920168 0.577560 0.948543 0.0691
0 0.859873 0.539675 0.838427 0.534314 0.851716 0.481158 0.873162 0.486520 0.0548
0 0.264389 0.957762 0.246069 0.855981 0.280450 0.849793 0.298770 0.951573 0.8985
0 0.495911 0.997495 0.491230 0.866431 0.537024 0.864796 0.541705 0.995860 0.1149
0 0.662805 0.753321 0.649579 0.706087 0.672472 0.699677 0.685698 0.746911 0.1389
0 0.791609 0.398224 0.772942 0.381891 0.788388 0.364238 0.807055 0.380571 0.1124
0 0.848346 0.547602 0.821517 0.529441 0.856184 0.478228 0.883013 0.496390 0.0706
0 0.055596 0.835026 0.050417 0.806827 0.099168 0.797873 0.104348 0.826072 0.1239
0 0.865966 0.517588 0.842728 0.514683 0.846855 0.481671 0.870092 0.484575 0.0619
0 0.616081 0.742773 0.601497 0.699023 0.623763 0.691602 0.638346 0.735352 0.0897
0 0.055788 0.834939 0.049743 0.808239 0.098819 0.797128 0.104864 0.823827 0.0928
0 0.961589 0.473958 0.936198 0.473958 0.936198 0.457031 0.961589 0.457031 0.0746
0 0.751823 0.393620 0.743970 0.366695 0.787170 0.354095 0.795023 0.381020 0.0808
0 0.158009 0.689616 0.154085 0.669211 0.212762 0.657927 0.216686 0.678332 0.1623
0 0.737976 0.686568 0.719094 0.608680 0.745293 0.602329 0.764175 0.680217 0.1155
0 0.827742 0.517999 0.794707 0.506201 0.799258 0.493457 0.832294 0.505255 0.1360
0 0.014323 0.944010 0.000000 0.944010 0.000000 0.911458 0.014323 0.911458 0.0702
0 0.602943 0.803352 0.580078 0.750000 0.601136 0.740975 0.624001 0.794327 0.7160
0 0.250490 0.957629 0.241910 0.878696 0.286559 0.873843 0.295139 0.952776 0.0594
0 0.222658 0.978455 0.205455 0.854214 0.241464 0.849229 0.258666 0.973469 0.0620
0 0.683466 0.551735 0.655125 0.526828 0.690547 0.486520 0.718889 0.511426 0.1203
0 0.737023 0.687276 0.718174 0.608347 0.745256 0.601879 0.764105 0.680808 0.0525
0 0.286226 0.625621 0.278490 0.574047 0.301380 0.570613 0.309116 0.622187 0.0545
0 0.737439 0.687385 0.717525 0.607728 0.745251 0.600797 0.765165 0.680453 0.0763
0 0.153646 0.845052 0.131510 0.845052 0.131510 0.791016 0.153646 0.791016 0.7659
0 0.379321 0.827485 0.378332 0.805720 0.428713 0.803430 0.429702 0.825195 0.8757
0 0.152344 0.846354 0.133464 0.846354 0.133464 0.811849 0.152344 0.811849 0.1837
0 0.139150 0.691976 0.135628 0.671347 0.212960 0.658144 0.216482 0.678773 0.0782
0 0.820246 0.531758 0.767293 0.512503 0.777139 0.485425 0.830092 0.504681 0.0853
0 0.291011 0.896641 0.275079 0.874071 0.285380 0.866800 0.301312 0.889369 0.0510
0 0.084635 0.876953 0.046224 0.876953 0.046224 0.857422 0.084635 0.857422 0.1645
0 0.084635 0.876953 0.046875 0.876953 0.046875 0.857422 0.084635 0.857422 0.1785
0 0.684332 0.549901 0.656318 0.525183 0.690707 0.486209 0.718721 0.510927 0.2444
0 0.767808 0.838929 0.733804 0.744763 0.771976 0.730978 0.805980 0.825144 0.9066
0 0.014323 0.944010 0.000000 0.944010 0.000000 0.911458 0.014323 0.911458 0.0715
0 0.937216 0.471933 0.936271 0.458700 0.960422 0.456975 0.961367 0.470207 0.0790
0 0.055779 0.832891 0.052622 0.803421 0.102873 0.798037 0.106030 0.827507 0.1084
0 0.683248 0.688549 0.661288 0.649510 0.680391 0.638765 0.702350 0.677804 0.1691
0 0.787760 0.398438 0.768555 0.379232 0.786133 0.361654 0.805339 0.380859 0.1452
0 0.102968 0.842719 0.054945 0.837916 0.057910 0.808265 0.105933 0.813067 0.1259
0 0.055332 0.833843 0.051404 0.802975 0.125942 0.793488 0.129871 0.824356 0.0936
0 0.692557 0.877791 0.669369 0.869096 0.678359 0.845123 0.701546 0.853819 0.0675
0 0.494023 0.929518 0.485273 0.868268 0.526471 0.862383 0.535221 0.923633 0.2911
0 0.960144 0.500236 0.957898 0.483391 0.990607 0.479030 0.992853 0.495875 0.1205
0 0.222022 0.982335 0.205054 0.852245 0.242711 0.847333 0.259680 0.977423 0.5744
0 0.014323 0.944010 0.000000 0.944010 0.000000 0.911458 0.014323 0.911458 0.0704
0 0.379626 0.827719 0.377995 0.806510 0.428477 0.802627 0.430109 0.823836 0.0875
0 0.313952 0.903546 0.303776 0.822135 0.324289 0.819571 0.334465 0.900982 0.1003
0 0.152344 0.830729 0.130859 0.830729 0.130859 0.790365 0.152344 0.790365 0.1766
0 0.014323 0.944661 0.000000 0.944661 0.000000 0.910807 0.014323 0.910807 0.0751
0 0.769061 0.837971 0.733724 0.746094 0.770850 0.731814 0.806188 0.823692 0.1363
0 0.754948 0.387500 0.748177 0.373958 0.767188 0.364453 0.773958 0.377995 0.1897
0 0.867879 0.538091 0.840395 0.534655 0.847145 0.480649 0.874629 0.484085 0.1504
0 0.837240 0.531901 0.817057 0.531901 0.817057 0.521484 0.837240 0.521484 0.1178
0 0.577661 0.826178 0.565257 0.768290 0.590511 0.762878 0.602915 0.820767 0.0661
0 0.818834 0.536176 0.814844 0.524870 0.832416 0.518668 0.836406 0.529974 0.1044
0 0.684089 0.688702 0.661098 0.649905 0.680336 0.638505 0.703327 0.677301 0.1205
0 0.992165 0.505546 0.957834 0.495449 0.964624 0.472362 0.998955 0.482459 0.0928
0 0.082227 0.797549 0.079895 0.779562 0.142940 0.771389 0.145271 0.789377 0.0502
0 0.579427 0.995443 0.544922 0.995443 0.544922 0.923177 0.579427 0.923177 0.1521
0 0.054230 0.833802 0.053005 0.801948 0.102111 0.800059 0.103336 0.831913 0.0840
0 0.429036 0.826172 0.378906 0.826172 0.378906 0.804688 0.429036 0.804688 0.1327
0 0.402313 1.000000 0.389890 0.947212 0.414154 0.941820 0.426578 0.997725 0.1448
0 0.613971 0.741690 0.602903 0.697419 0.626034 0.691636 0.637102 0.735907 0.0708
0 0.494827 0.931587 0.481669 0.870185 0.523329 0.861258 0.536487 0.922659 0.2515
0 0.100373 0.813150 0.096649 0.795153 0.134775 0.787265 0.138499 0.805262 0.2027
0 0.869274 0.536944 0.840980 0.534372 0.845885 0.480426 0.874178 0.482998 0.0773
0 0.789115 0.397500 0.761719 0.376953 0.777578 0.355807 0.804974 0.376354 0.1226
0 0.866536 0.516276 0.843750 0.516276 0.843750 0.483724 0.866536 0.483724 0.0639
0 0.914518 0.354883 0.904622 0.325195 0.957552 0.307552 0.967448 0.337240 0.1899
0 0.597005 0.404297 0.577344 0.364974 0.622917 0.342188 0.642578 0.381510 0.0956
0 0.264246 0.956899 0.245836 0.856672 0.280270 0.850348 0.298679 0.950575 0.1489
0 0.442708 0.951172 0.434896 0.951172 0.434896 0.942057 0.442708 0.942057 0.0503
0 0.143880 0.983073 0.100260 0.983073 0.100260 0.876953 0.143880 0.876953 0.1954
0 0.683867 0.688545 0.661741 0.649035 0.680871 0.638321 0.702997 0.677832 0.1561
0 0.684022 0.551480 0.655990 0.527932 0.689875 0.487594 0.717907 0.511141 0.1332
0 0.056133 0.835071 0.053118 0.816123 0.099385 0.808763 0.102399 0.827711 0.2203
0 0.714974 0.424089 0.696535 0.413552 0.730509 0.354097 0.748948 0.364633 0.1439
0 0.152344 0.845703 0.134115 0.845703 0.134115 0.811198 0.152344 0.811198 0.1794
0 0.299479 0.918620 0.281250 0.918620 0.281250 0.875651 0.299479 0.875651 0.0820
0 0.617607 0.743739 0.601045 0.699575 0.622378 0.691576 0.638939 0.735740 0.7679
0 0.014974 0.945312 0.000000 0.945312 0.000000 0.910807 0.014974 0.910807 0.0582
0 0.683010 0.688115 0.661997 0.648715 0.681156 0.638496 0.702170 0.677896 0.3964
0 0.014974 0.945312 0.000000 0.945312 0.000000 0.910156 0.014974 0.910156 0.0588
0 0.676707 0.797082 0.648216 0.708257 0.671305 0.700851 0.699796 0.789676 0.7962
0 0.446615 0.979818 0.430990 0.979818 0.430990 0.940755 0.446615 0.940755 0.1069
0 0.683955 0.548893 0.658972 0.527113 0.690873 0.490521 0.715856 0.512300 0.0505
0 0.756641 0.389583 0.747917 0.372135 0.780990 0.355599 0.789714 0.373047 0.3129
0 0.683666 0.551296 0.654956 0.525531 0.690845 0.485540 0.719555 0.511306 0.0708
0 0.307788 0.882529 0.305545 0.821993 0.327145 0.821193 0.329387 0.881729 0.0717
0 0.286471 0.624440 0.279323 0.574401 0.302018 0.571159 0.309167 0.621198 0.1104
0 0.445964 0.980469 0.430990 0.980469 0.430990 0.940755 0.445964 0.940755 0.7923
0 0.077396 0.900601 0.026217 0.889513 0.035227 0.847932 0.086405 0.859020 0.0949
0 0.960938 0.472656 0.936849 0.472656 0.936849 0.457682 0.960938 0.457682 0.1784
0 0.222612 0.978491 0.205160 0.854389 0.241750 0.849244 0.259201 0.973346 0.1148
0 0.793917 0.397465 0.775889 0.383597 0.789467 0.365946 0.807495 0.379814 0.0886
0 0.081500 0.797685 0.079431 0.778029 0.143821 0.771251 0.145890 0.790907 0.0984
0 0.833276 0.505616 0.790202 0.495481 0.795718 0.472039 0.838791 0.482174 0.6229
0 0.601136 0.803296 0.579719 0.749753 0.601832 0.740908 0.623249 0.794451 0.1054
0 0.825346 0.527569 0.769757 0.516451 0.774339 0.493540 0.829928 0.504657 0.4771
0 0.244859 0.333810 0.223354 0.285425 0.245644 0.275518 0.267149 0.323903 0.0824
0 0.683216 0.688545 0.660901 0.648698 0.680309 0.637829 0.702624 0.677676 0.1006
0 0.014323 0.944661 0.000000 0.944661 0.000000 0.910156 0.014323 0.910156 0.1910
0 0.915426 0.352103 0.906803 0.321922 0.958395 0.307181 0.967018 0.337362 0.0921
0 0.014323 0.944661 0.000000 0.944661 0.000000 0.910807 0.014323 0.910807 0.0772
0 0.839193 0.530599 0.821615 0.530599 0.821615 0.525391 0.839193 0.525391 0.0758
0 0.688502 0.948367 0.656531 0.944371 0.668740 0.846695 0.700711 0.850691 0.9344
0 0.963542 0.472005 0.936849 0.472005 0.936849 0.457682 0.963542 0.457682 0.0551
0 0.222656 0.977865 0.204831 0.853086 0.242930 0.847643 0.260755 0.972422 0.0571
0 0.937083 0.472318 0.936240 0.457137 0.959822 0.455827 0.960665 0.471008 0.0899
0 0.315158 0.917328 0.302357 0.822598 0.324095 0.819661 0.336897 0.914391 0.3254
0 0.774893 0.389959 0.761214 0.368073 0.782574 0.354723 0.796253 0.376609 0.1454
0 0.870196 0.536818 0.841694 0.534442 0.846193 0.480455 0.874695 0.482831 0.0872
0 0.316027 0.917809 0.301589 0.822518 0.323112 0.819257 0.337550 0.914548 0.0504
0 0.914388 0.354492 0.904557 0.325000 0.957682 0.307292 0.967513 0.336784 0.1882
0 0.139286 0.692406 0.135630 0.671512 0.213013 0.657970 0.216669 0.678864 0.0673
0 0.728881 0.397852 0.710213 0.386185 0.732671 0.350253 0.751339 0.361921 0.0842
0 0.495914 1.000000 0.489436 0.865396 0.537319 0.863116 0.543797 0.999155 0.9246
0 0.081746 0.798095 0.079209 0.778812 0.143441 0.770360 0.145978 0.789643 0.4058
0 0.046235 0.893763 0.029857 0.892274 0.033747 0.849481 0.050125 0.850970 0.1650
0 0.577879 0.827298 0.567902 0.767437 0.591973 0.763426 0.601950 0.823286 0.7678
0 0.683915 0.549567 0.655603 0.524159 0.690488 0.485287 0.718800 0.510696 0.0641
0 0.126953 0.833984 0.054688 0.833984 0.054688 0.798177 0.126953 0.798177 0.0610
0 0.913825 0.352147 0.906023 0.326399 0.957123 0.310914 0.964925 0.336662 0.0781
0 0.793641 0.396719 0.775519 0.381617 0.789553 0.364775 0.807676 0.379877 0.0617
0 0.693400 0.886003 0.668491 0.883382 0.672291 0.847289 0.697200 0.849911 0.0524
0 0.683429 0.552382 0.654713 0.526688 0.691168 0.485943 0.719885 0.511638 0.0805
0 0.312266 0.917101 0.310759 0.877922 0.331637 0.877119 0.333144 0.916298 0.0637
0 0.832529 0.505170 0.789943 0.494524 0.795535 0.472158 0.838120 0.482805 0.1261
0 0.545276 1.000000 0.543298 0.923002 0.578731 0.922093 0.580709 0.999216 0.9070
0 0.034187 0.884360 0.029275 0.851941 0.082350 0.843899 0.087262 0.876319 0.0754
0 0.715094 0.424529 0.696374 0.413832 0.730789 0.353606 0.749509 0.364303 0.9033
0 0.858968 0.540627 0.832588 0.531434 0.851091 0.478341 0.877470 0.487534 0.0518
0 0.307548 0.876693 0.304693 0.821502 0.324541 0.820476 0.327396 0.875666 0.0543
0 0.547809 0.960950 0.538497 0.928361 0.570312 0.919271 0.579624 0.951860 0.0987
0 0.400408 1.000000 0.390977 0.946122 0.415892 0.941969 0.425324 0.998557 0.8905
0 0.913276 0.351845 0.905400 0.321549 0.959186 0.307565 0.967062 0.337861 0.1007
0 0.837240 0.531901 0.817057 0.531901 0.817057 0.522786 0.837240 0.522786 0.0913
0 0.688327 0.946750 0.657654 0.943142 0.668849 0.847990 0.699521 0.851598 0.1260
