0 0.936069 0.482435 0.933742 0.459165 0.981507 0.454388 0.983834 0.477658 0.8410
0 0.821461 0.369102 0.811581 0.352635 0.847771 0.330921 0.857652 0.347388 0.0636
0 0.298964 0.874922 0.288809 0.874245 0.289958 0.857004 0.300113 0.857681 0.1485
0 0.279879 0.953761 0.255339 0.948307 0.272021 0.873238 0.296561 0.878692 0.1449
0 0.680724 0.746126 0.678083 0.724472 0.737336 0.717246 0.739976 0.738900 0.4421
0 0.616685 0.893156 0.572337 0.868870 0.583079 0.849253 0.627428 0.873539 0.8422
0 0.582453 0.895430 0.574333 0.858076 0.672988 0.836630 0.681108 0.873984 0.0930
0 0.844793 0.367308 0.819039 0.350826 0.834611 0.326495 0.860365 0.342977 0.0634
0 0.875000 0.597005 0.847656 0.597005 0.847656 0.580729 0.875000 0.580729 0.0522
0 0.614851 0.855239 0.571385 0.829159 0.581150 0.812883 0.624617 0.838963 0.1522
0 0.914477 0.551558 0.895914 0.516754 0.925346 0.501056 0.943909 0.535861 0.0608
0 0.910807 0.606771 0.899740 0.606771 0.899740 0.580729 0.910807 0.580729 0.1166
0 0.929516 0.408885 0.926016 0.389635 0.962969 0.382917 0.966469 0.402167 0.0814
0 0.679631 0.889338 0.656181 0.875442 0.663320 0.863396 0.686769 0.877292 0.0782
0 0.686198 0.880859 0.675781 0.880859 0.675781 0.876953 0.686198 0.876953 0.0862
0 0.005869 0.374791 0.000031 0.301820 0.221375 0.284113 0.227212 0.357083 0.0910
0 0.593750 0.873047 0.575521 0.873047 0.575521 0.854818 0.593750 0.854818 0.1022
0 0.678348 0.862010 0.626293 0.856530 0.628173 0.838670 0.680228 0.844150 0.1652
0 0.588328 0.835797 0.574201 0.834135 0.576392 0.815513 0.590519 0.817175 0.0938
0 0.795499 0.659763 0.788475 0.622303 0.824993 0.615456 0.832016 0.652916 0.0525
0 0.830729 0.363281 0.815104 0.363281 0.815104 0.345052 0.830729 0.345052 0.1869
0 0.686849 0.879557 0.678385 0.879557 0.678385 0.876302 0.686849 0.876302 0.0538
0 0.855499 0.355695 0.829587 0.347843 0.833984 0.333333 0.859896 0.341185 0.0584
0 0.677780 0.866551 0.642737 0.855768 0.647889 0.839024 0.682932 0.849806 0.1132
0 0.627866 0.898410 0.622945 0.880573 0.680066 0.864816 0.684987 0.882653 0.5990
0 0.935547 0.611979 0.910156 0.611979 0.910156 0.585286 0.935547 0.585286 0.0931
0 0.576068 0.879567 0.573706 0.855161 0.594117 0.853186 0.596479 0.877592 0.0542
0 0.854552 0.359952 0.828906 0.352771 0.834194 0.333887 0.859839 0.341068 0.0581
0 0.928385 0.611328 0.909505 0.611328 0.909505 0.584635 0.928385 0.584635 0.2374
0 0.929513 0.407404 0.927820 0.387091 0.966020 0.383908 0.967713 0.404220 0.0528
0 0.621822 0.885543 0.613331 0.867562 0.642772 0.853659 0.651263 0.871640 0.2042
0 0.981631 0.480017 0.972359 0.475937 0.980269 0.457959 0.989541 0.462039 0.0716
0 0.910506 0.612974 0.906964 0.586407 0.931356 0.583154 0.934899 0.609722 0.0908
0 0.279851 0.953813 0.255257 0.948224 0.276892 0.853028 0.301486 0.858618 0.0711
0 0.625834 0.895933 0.621666 0.881763 0.649230 0.873656 0.653397 0.887826 0.3750
0 0.620596 0.888633 0.614737 0.865196 0.663603 0.852979 0.669462 0.876417 0.1490
0 0.280874 0.954352 0.255584 0.949294 0.270833 0.873047 0.296124 0.878105 0.9003
0 0.623635 0.809588 0.483500 0.784109 0.487135 0.764115 0.627271 0.789594 0.2771
0 0.280046 0.955068 0.254731 0.949511 0.275924 0.852966 0.301238 0.858523 0.0762
0 0.874349 0.596354 0.848307 0.596354 0.848307 0.582682 0.874349 0.582682 0.0684
0 0.854165 0.359661 0.829461 0.352744 0.834532 0.334632 0.859236 0.341550 0.0559
0 0.938802 0.611979 0.901693 0.611979 0.901693 0.584635 0.938802 0.584635 0.0537
0 0.650302 0.891932 0.645581 0.876717 0.681191 0.865666 0.685913 0.880881 0.2991
0 0.624300 0.895544 0.622623 0.878212 0.661156 0.874483 0.662834 0.891815 0.0797
0 0.938764 0.539222 0.927811 0.504799 0.988086 0.485621 0.999039 0.520044 0.0513
0 0.677773 0.865732 0.638557 0.855928 0.642885 0.838618 0.682100 0.848422 0.2092
0 0.850845 0.363841 0.824929 0.352973 0.834082 0.331148 0.859997 0.342016 0.0584
0 0.910807 0.607422 0.899740 0.607422 0.899740 0.580729 0.910807 0.580729 0.1268
0 0.916341 0.615560 0.895182 0.594401 0.914062 0.575521 0.935221 0.596680 0.0538
0 0.651693 0.857422 0.625651 0.857422 0.625651 0.841797 0.651693 0.841797 0.1670
0 0.805339 0.647786 0.791016 0.647786 0.791016 0.621094 0.805339 0.621094 0.1016
0 0.849063 0.365984 0.822971 0.353941 0.834042 0.329954 0.860134 0.341997 0.0562
0 0.598096 0.893374 0.597552 0.880321 0.622709 0.879273 0.623253 0.892325 0.1281
0 0.812867 0.798624 0.811865 0.776084 0.854836 0.774175 0.855838 0.796714 0.1087
0 0.680384 0.746206 0.678094 0.729414 0.736983 0.721383 0.739273 0.738176 0.0627
0 0.618677 0.888609 0.593629 0.886605 0.594697 0.873253 0.619745 0.875257 0.0606
0 0.990796 0.522083 0.955818 0.519584 0.957560 0.495201 0.992538 0.497700 0.0832
0 0.929187 0.408530 0.926139 0.388717 0.963907 0.382907 0.966955 0.402720 0.5030
0 0.661461 0.874010 0.622034 0.867153 0.624146 0.855009 0.663573 0.861866 0.2034
0 0.599438 0.952647 0.594199 0.908112 0.646591 0.901948 0.651830 0.946484 0.0953
0 0.874349 0.596354 0.848958 0.596354 0.848958 0.582682 0.874349 0.582682 0.2662
0 0.727239 0.761567 0.677820 0.739946 0.691447 0.708799 0.740866 0.730420 0.4645
0 0.618327 0.880275 0.614375 0.862885 0.658497 0.852857 0.662450 0.870247 0.6457
0 0.624784 0.860753 0.621900 0.844412 0.641955 0.840873 0.644839 0.857214 0.0912
0 0.578711 0.831185 0.574414 0.818294 0.590430 0.812956 0.594727 0.825846 0.0534
0 0.988281 0.475260 0.980469 0.475260 0.980469 0.456380 0.988281 0.456380 0.0723
0 0.681622 0.888816 0.660282 0.879568 0.665365 0.867839 0.686705 0.877086 0.3217
0 0.625709 0.890960 0.623698 0.867839 0.684886 0.862518 0.686897 0.885639 0.0538
0 0.647445 0.895800 0.640017 0.879592 0.675168 0.863481 0.682596 0.879689 0.1887
0 0.299479 0.874349 0.289714 0.874349 0.289714 0.857422 0.299479 0.857422 0.0707
0 0.817804 0.368271 0.810547 0.349609 0.840928 0.337795 0.848185 0.356457 0.1644
0 0.627409 0.862044 0.622201 0.846419 0.641732 0.839909 0.646940 0.855534 0.1036
0 0.684437 0.884400 0.618236 0.879927 0.619563 0.860292 0.685763 0.864765 0.1071
0 0.611654 0.859049 0.570954 0.827394 0.582522 0.812520 0.623222 0.844176 0.8700
0 0.615640 0.892970 0.572805 0.868307 0.583912 0.849015 0.626747 0.873678 0.1967
0 0.841797 0.359375 0.828125 0.359375 0.828125 0.341146 0.841797 0.341146 0.1315
0 0.682076 0.897111 0.574193 0.888721 0.576866 0.854358 0.684749 0.862749 0.1147
0 0.834662 0.375591 0.811530 0.357518 0.836126 0.326035 0.859259 0.344107 0.0538
0 0.625785 0.895379 0.622540 0.878751 0.665891 0.870292 0.669136 0.886920 0.4163
0 0.679831 0.745865 0.678614 0.731264 0.738151 0.726302 0.739368 0.740903 0.0533
0 0.284118 0.953467 0.259474 0.951927 0.262583 0.902194 0.287226 0.903735 0.0622
0 0.680559 0.745625 0.679239 0.731548 0.738734 0.725971 0.740054 0.740048 0.0870
0 0.678242 0.864862 0.626581 0.856914 0.629448 0.838274 0.681110 0.846222 0.7816
0 0.625651 0.896485 0.621419 0.883789 0.647005 0.875261 0.651237 0.887956 0.1369
0 0.809743 0.656288 0.802007 0.625345 0.823759 0.619907 0.831495 0.650850 0.0941
0 0.936839 0.481897 0.934281 0.459731 0.981158 0.454323 0.983716 0.476488 0.1456
0 0.841146 0.360677 0.826823 0.360677 0.826823 0.340495 0.841146 0.340495 0.0886
0 0.284220 0.953415 0.259604 0.951967 0.262067 0.910100 0.286683 0.911548 0.0666
0 0.988708 0.523066 0.955014 0.519102 0.957827 0.495192 0.991521 0.499156 0.1177
0 0.654286 0.871317 0.645833 0.855469 0.673238 0.840853 0.681690 0.856701 0.0999
0 0.630018 0.882160 0.626114 0.866154 0.666760 0.856240 0.670664 0.872247 0.0574
