0 0.303588 0.954412 0.271568 0.953307 0.273484 0.897743 0.305504 0.898847 0.0984
0 0.076172 0.338542 0.071289 0.333659 0.081055 0.323893 0.085938 0.328776 0.1326
0 0.866528 0.478952 0.862488 0.465102 0.890738 0.456862 0.894778 0.470712 0.7277
0 0.166667 0.917318 0.140365 0.864714 0.159635 0.855078 0.185938 0.907682 0.1661
0 0.830729 0.139323 0.812500 0.139323 0.812500 0.095703 0.830729 0.095703 0.7028
0 0.912341 0.070667 0.907739 0.014521 0.919889 0.013525 0.924491 0.069671 0.2677
0 0.753305 0.547776 0.717248 0.484675 0.735126 0.474459 0.771184 0.537560 0.2516
0 0.047526 0.795573 0.035156 0.795573 0.035156 0.753255 0.047526 0.753255 0.4736
0 0.762468 0.545880 0.742630 0.510171 0.752856 0.504490 0.772694 0.540199 0.1640
0 0.703125 0.382812 0.686849 0.382812 0.686849 0.363932 0.703125 0.363932 0.0584
0 0.905113 0.692758 0.894880 0.659498 0.907369 0.655655 0.917603 0.688915 0.2094
0 0.703125 0.382812 0.686849 0.382812 0.686849 0.363932 0.703125 0.363932 0.0657
0 0.144531 0.819661 0.116536 0.819661 0.116536 0.777344 0.144531 0.777344 0.1047
0 0.896632 0.094408 0.876711 0.049587 0.888128 0.044512 0.908049 0.089334 0.5706
0 0.823864 0.093102 0.819252 0.055053 0.834806 0.053167 0.839418 0.091217 0.2027
0 0.947685 0.382563 0.946283 0.369244 0.993898 0.364232 0.995300 0.377551 0.2405
0 0.759837 0.547518 0.732152 0.504732 0.745919 0.495824 0.773604 0.538610 0.1025
0 0.923579 0.722675 0.890089 0.666858 0.903971 0.658529 0.937462 0.714346 0.1774
0 0.773441 0.543987 0.767886 0.480102 0.789490 0.478224 0.795045 0.542109 0.1095
0 0.315706 0.859319 0.299877 0.799169 0.319361 0.794042 0.335190 0.854192 0.1360
0 0.828601 0.450369 0.802321 0.448492 0.802939 0.439840 0.829219 0.441717 0.0601
0 0.119902 0.821194 0.114613 0.778886 0.132402 0.776663 0.137690 0.818970 0.5304
0 0.214193 0.824870 0.199870 0.824870 0.199870 0.785807 0.214193 0.785807 0.0654
0 0.192483 0.450848 0.184374 0.394985 0.198164 0.392983 0.206274 0.448846 0.5300
0 0.182357 0.825065 0.167500 0.822943 0.172331 0.789128 0.187187 0.791250 0.2025
0 0.212240 0.824870 0.191406 0.824870 0.191406 0.786458 0.212240 0.786458 0.1100
0 0.790748 0.723077 0.778094 0.666138 0.810631 0.658908 0.823284 0.715847 0.3237
0 0.828667 0.449660 0.803700 0.448099 0.804161 0.440722 0.829128 0.442283 0.2777
0 0.920052 0.723568 0.889714 0.662891 0.904557 0.655469 0.934896 0.716146 0.7700
0 0.985413 0.086958 0.983935 0.078090 0.999243 0.075538 1.000000 0.084407 0.0736
0 0.525127 0.358939 0.512247 0.351784 0.524899 0.329009 0.537779 0.336165 0.0759
0 0.893568 0.093135 0.877033 0.049042 0.889876 0.044226 0.906410 0.088319 0.1905
0 0.829260 0.450423 0.802340 0.448628 0.802919 0.439943 0.829839 0.441738 0.0569
0 0.596680 0.765299 0.574544 0.743164 0.585287 0.732422 0.607422 0.754557 0.1385
0 0.182978 0.824659 0.167986 0.822160 0.173371 0.789854 0.188362 0.792353 0.1690
0 0.591471 0.793945 0.557292 0.759766 0.583333 0.733724 0.617513 0.767904 0.1935
0 0.649403 0.426887 0.619841 0.391783 0.632933 0.380758 0.662494 0.415863 0.1423
0 0.013021 0.977865 0.000000 0.977865 0.000000 0.942708 0.013021 0.942708 0.7418
0 0.340518 0.846700 0.335603 0.772982 0.353925 0.771761 0.358839 0.845478 0.3059
0 0.180729 0.824740 0.165635 0.820623 0.173568 0.791537 0.188662 0.795653 0.1078
0 0.575914 0.783368 0.561447 0.748004 0.582919 0.739220 0.597385 0.774584 0.1381
0 0.130859 0.820964 0.115234 0.820964 0.115234 0.777995 0.130859 0.777995 0.1060
0 0.911039 0.038199 0.905193 0.007996 0.931975 0.002812 0.937821 0.033015 0.1091
0 0.952483 0.705123 0.940307 0.648301 0.955647 0.645014 0.967823 0.701836 0.6808
0 0.294787 0.956717 0.269767 0.898337 0.289803 0.889750 0.314824 0.948130 0.1396
0 0.147135 0.246745 0.117839 0.246745 0.117839 0.201172 0.147135 0.201172 0.0697
0 0.858698 0.683776 0.846120 0.681979 0.850911 0.648438 0.863490 0.650234 0.1403
0 0.913641 0.049438 0.907005 0.012943 0.921958 0.010224 0.928594 0.046719 0.1781
0 0.857574 0.687091 0.842323 0.683625 0.850573 0.647325 0.865824 0.650791 0.1168
0 0.953573 0.705227 0.938935 0.648765 0.953824 0.644904 0.968463 0.701367 0.1397
0 0.144531 0.244141 0.119792 0.244141 0.119792 0.201172 0.144531 0.201172 0.2020
0 0.771572 0.303005 0.759576 0.283810 0.767359 0.278946 0.779356 0.298140 0.1504
0 0.999349 0.086589 0.984375 0.086589 0.984375 0.076823 0.999349 0.076823 0.0745
0 0.999349 0.086589 0.985026 0.086589 0.985026 0.076823 0.999349 0.076823 0.1986
0 0.167318 0.917969 0.140625 0.864583 0.159635 0.855078 0.186328 0.908464 0.8975
0 0.042969 0.503906 0.025391 0.503906 0.025391 0.490234 0.042969 0.490234 0.1241
0 0.232422 0.486979 0.209635 0.486979 0.209635 0.467448 0.232422 0.467448 0.0788
0 0.510149 0.766506 0.499349 0.723307 0.509153 0.720856 0.519953 0.764055 0.5915
0 0.732422 0.522786 0.718229 0.480208 0.735807 0.474349 0.750000 0.516927 0.1631
0 0.143880 0.822266 0.116536 0.822266 0.116536 0.777344 0.143880 0.777344 0.4113
0 0.356145 0.845460 0.310993 0.818182 0.338512 0.772633 0.383663 0.799912 0.3196
0 0.197917 0.449219 0.179036 0.449219 0.179036 0.395833 0.197917 0.395833 0.3551
0 0.465898 0.820534 0.459362 0.774779 0.476680 0.772305 0.483216 0.818060 0.1571
0 0.799121 0.113701 0.733016 0.105873 0.735764 0.082675 0.801868 0.090504 0.0957
0 0.953318 0.390359 0.903957 0.386066 0.906046 0.362046 0.955407 0.366339 0.1917
0 0.951082 0.382091 0.949479 0.369271 0.994431 0.363652 0.996034 0.376472 0.3104
0 0.648861 0.426854 0.619754 0.392610 0.632813 0.381510 0.661919 0.415754 0.1061
0 0.703125 0.382812 0.686849 0.382812 0.686849 0.363932 0.703125 0.363932 0.0504
0 0.771465 0.303136 0.760034 0.284084 0.768172 0.279201 0.779603 0.298254 0.0694
0 0.119903 0.820606 0.115054 0.779395 0.130051 0.777630 0.134899 0.818841 0.2697
0 0.733674 0.109182 0.731069 0.087910 0.780943 0.081803 0.783548 0.103075 0.1003
0 0.212891 0.825521 0.203125 0.825521 0.203125 0.785156 0.212891 0.785156 0.1698
0 0.821456 0.092023 0.814938 0.054547 0.831203 0.051718 0.837721 0.089194 0.2082
0 0.213542 0.825521 0.203125 0.825521 0.203125 0.785807 0.213542 0.785807 0.6658
0 0.315351 0.861209 0.300174 0.798601 0.319087 0.794016 0.334264 0.856624 0.8519
0 0.762644 0.545928 0.739585 0.506098 0.750184 0.499962 0.773243 0.539792 0.1537
0 0.817919 0.086553 0.812764 0.055620 0.825327 0.053526 0.830483 0.084459 0.2452
0 0.145524 0.249188 0.115744 0.246210 0.120327 0.200379 0.150107 0.203357 0.0569
0 0.773622 0.545083 0.769266 0.479749 0.789662 0.478389 0.794017 0.543724 0.8615
0 0.356761 0.845723 0.331445 0.845339 0.332556 0.772035 0.357871 0.772418 0.5999
0 0.299108 0.959892 0.270448 0.900185 0.288206 0.891661 0.316865 0.951368 0.1482
0 0.954103 0.704514 0.939386 0.649324 0.953203 0.645639 0.967921 0.700829 0.1792
0 0.031099 0.796820 0.026288 0.753517 0.047081 0.751207 0.051893 0.794509 0.1333
0 0.813650 0.140746 0.809896 0.095703 0.828484 0.094154 0.832238 0.139197 0.1964
0 0.497070 0.752930 0.488607 0.744466 0.500000 0.733073 0.508464 0.741537 0.1839
0 0.198474 0.450262 0.169591 0.448658 0.172616 0.394211 0.201498 0.395815 0.0685
0 0.648789 0.426412 0.620612 0.390407 0.633076 0.380653 0.661253 0.416658 0.1870
0 0.577196 0.784191 0.555543 0.749547 0.570115 0.740439 0.591768 0.775083 0.0536
0 0.180354 0.825378 0.166063 0.823790 0.170073 0.787705 0.184364 0.789293 0.5570
0 0.013021 0.977865 0.000000 0.977865 0.000000 0.942708 0.013021 0.942708 0.0894
0 0.145182 0.247396 0.117188 0.247396 0.117188 0.201823 0.145182 0.201823 0.0582
0 0.951428 0.390158 0.904607 0.386256 0.906632 0.361957 0.953453 0.365859 0.3537
0 0.972792 0.683912 0.955651 0.665280 0.967527 0.654354 0.984668 0.672986 0.1064
0 0.696903 0.739744 0.676338 0.693474 0.691319 0.686815 0.711884 0.733086 0.6924
0 0.834135 0.509215 0.830679 0.491937 0.866737 0.484726 0.870192 0.502003 0.1321
0 0.525008 0.359145 0.511987 0.351333 0.525774 0.328355 0.538794 0.336167 0.0777
0 0.013021 0.977865 0.000000 0.977865 0.000000 0.942708 0.013021 0.942708 0.1063
0 0.914324 0.063327 0.904847 0.007410 0.919917 0.004856 0.929395 0.060773 0.1218
0 0.697190 0.739026 0.677592 0.695910 0.692748 0.689021 0.712347 0.732136 0.1632
0 0.798900 0.113670 0.733153 0.106869 0.735262 0.086478 0.801009 0.093280 0.1150
0 0.586050 0.786532 0.580899 0.733309 0.599521 0.731506 0.604671 0.784729 0.6906
0 0.232422 0.486979 0.209635 0.486979 0.209635 0.466797 0.232422 0.466797 0.0573
0 0.855023 0.686964 0.842132 0.683449 0.851778 0.648082 0.864669 0.651598 0.4974
0 0.788611 0.722050 0.782887 0.664810 0.797455 0.663353 0.803179 0.720594 0.7368
0 0.655749 0.764874 0.628105 0.723407 0.647786 0.710286 0.675431 0.751753 0.8976
0 0.918172 0.069042 0.896044 0.063660 0.911270 0.001063 0.933398 0.006445 0.1358
0 0.858425 0.686566 0.842915 0.683119 0.850712 0.648032 0.866222 0.651478 0.1009
0 0.656232 0.421981 0.634671 0.406299 0.640245 0.398635 0.661807 0.414316 0.1313
0 0.799299 0.113645 0.725706 0.109185 0.727118 0.085892 0.800711 0.090352 0.2440
0 0.511018 0.766526 0.499254 0.723392 0.509445 0.720613 0.521209 0.763747 0.1820
0 0.866763 0.479353 0.862395 0.465000 0.890918 0.456319 0.895286 0.470672 0.1306
0 0.356298 0.823529 0.348885 0.788939 0.371827 0.784022 0.379240 0.818613 0.0834
0 0.927558 0.029543 0.919095 0.026939 0.927865 0.000000 0.936328 0.001042 0.3781
0 0.196388 0.450159 0.186033 0.395425 0.196837 0.393381 0.207192 0.448115 0.1749
0 0.466068 0.821719 0.459440 0.775326 0.477031 0.772813 0.483659 0.819206 0.7821
0 0.825270 0.092362 0.817181 0.054614 0.831186 0.051613 0.839275 0.089361 0.5262
0 0.048177 0.795573 0.034505 0.795573 0.034505 0.752604 0.048177 0.752604 0.1806
0 0.145833 0.247396 0.117839 0.247396 0.117839 0.201172 0.145833 0.201172 0.0905
0 0.697827 0.385641 0.683347 0.379849 0.690890 0.360991 0.705370 0.366783 0.0572
0 0.754451 0.546711 0.714599 0.484718 0.731940 0.473571 0.771792 0.535563 0.7798
0 0.666689 0.757611 0.627982 0.730634 0.641800 0.710809 0.680506 0.737786 0.1621
0 0.934669 0.389117 0.933539 0.365392 0.953243 0.364454 0.954373 0.388178 0.2244
0 0.799479 0.720052 0.785807 0.720052 0.785807 0.664062 0.799479 0.664062 0.1974
0 0.737500 0.525781 0.715755 0.482292 0.733724 0.473307 0.755469 0.516797 0.3700
0 0.192489 0.450313 0.182606 0.395412 0.195963 0.393008 0.205845 0.447909 0.0669
0 0.145833 0.247396 0.117188 0.247396 0.117188 0.202474 0.145833 0.202474 0.0513
0 0.833729 0.508102 0.831132 0.491224 0.866894 0.485722 0.869491 0.502600 0.7873
0 0.813021 0.532943 0.807292 0.521484 0.818750 0.515755 0.824479 0.527214 0.0609
0 0.042969 0.503906 0.026042 0.503906 0.026042 0.490234 0.042969 0.490234 0.0523
0 0.821793 0.179329 0.803410 0.154138 0.839245 0.127989 0.857627 0.153179 0.1542
0 0.947724 0.389047 0.904762 0.387565 0.905521 0.365546 0.948483 0.367027 0.2630
0 0.355469 0.844401 0.323202 0.806132 0.339244 0.792606 0.371511 0.830875 0.0967
0 0.525261 0.358984 0.512761 0.352734 0.524089 0.330078 0.536589 0.336328 0.3174
0 0.785156 0.084635 0.754557 0.084635 0.754557 0.044922 0.785156 0.044922 0.1822
0 0.294084 0.960438 0.270807 0.898366 0.291711 0.890527 0.314988 0.952599 0.8059
0 0.956159 0.702846 0.946773 0.657790 0.973551 0.652212 0.982938 0.697267 0.0953
0 0.955214 0.390466 0.902678 0.387076 0.904289 0.362105 0.956825 0.365494 0.2001
