0 0.551432 0.999349 0.511068 0.999349 0.511068 0.990885 0.551432 0.990885 0.2880
0 0.888542 0.389583 0.876107 0.352279 0.908529 0.341471 0.920964 0.378776 0.0542
0 0.628841 0.532096 0.605599 0.524349 0.609245 0.513411 0.632487 0.521159 0.1706
0 0.667350 0.798400 0.637351 0.785200 0.650406 0.755528 0.680406 0.768727 0.0582
0 0.402865 0.563542 0.388932 0.535677 0.400391 0.529948 0.414323 0.557813 0.0665
0 0.403125 0.562760 0.389193 0.534896 0.400130 0.529427 0.414063 0.557292 0.1051
0 0.293648 0.669024 0.282547 0.638496 0.346425 0.615268 0.357526 0.645795 0.0603
0 0.627604 0.666667 0.608724 0.666667 0.608724 0.623698 0.627604 0.623698 0.0935
0 0.013087 0.607133 0.000000 0.594902 0.009697 0.584222 0.022947 0.596452 0.0552
0 0.887604 0.387057 0.882292 0.349870 0.912917 0.345495 0.918229 0.382682 0.2687
0 0.098208 0.237909 0.080172 0.236782 0.081593 0.214043 0.099630 0.215171 0.0757
0 0.631120 0.528125 0.626367 0.513867 0.637109 0.510287 0.641862 0.524544 0.1304
0 0.738281 0.180339 0.729818 0.180339 0.729818 0.157552 0.738281 0.157552 0.0794
0 0.894596 0.536530 0.857627 0.495454 0.869785 0.484512 0.906754 0.525589 0.2204
0 0.030599 0.234375 0.013021 0.234375 0.013021 0.214844 0.030599 0.214844 0.1154
0 0.838542 0.367839 0.811849 0.367839 0.811849 0.354167 0.838542 0.354167 0.1160
0 0.956720 0.340385 0.941971 0.327480 0.972339 0.292773 0.987089 0.305679 0.1357
0 0.860026 0.257812 0.813802 0.257812 0.813802 0.238281 0.860026 0.238281 0.1648
0 0.096396 0.258179 0.084017 0.213820 0.117349 0.204518 0.129728 0.248877 0.0712
0 0.872342 0.513670 0.856291 0.496223 0.866897 0.486465 0.882948 0.503912 0.2106
0 0.949867 0.338899 0.939395 0.326101 0.963751 0.306173 0.974223 0.318972 0.1295
0 0.628953 0.532166 0.605524 0.521916 0.610141 0.511362 0.633570 0.521612 0.2211
0 0.902018 0.540690 0.875326 0.513997 0.884766 0.504557 0.911458 0.531250 0.1573
0 0.089808 0.200649 0.073937 0.166400 0.093767 0.157211 0.109638 0.191459 0.0677
0 0.888485 0.389812 0.875158 0.351735 0.907783 0.340316 0.921109 0.378393 0.0575
0 0.567708 0.667318 0.558594 0.667318 0.558594 0.633464 0.567708 0.633464 0.1058
0 0.552083 0.999349 0.509115 0.999349 0.509115 0.990885 0.552083 0.990885 0.0524
0 0.781094 0.738827 0.761361 0.736253 0.767362 0.690246 0.787095 0.692820 0.0531
0 0.016219 0.269916 0.008626 0.234480 0.032279 0.229411 0.039872 0.264847 0.1452
0 0.589794 0.515875 0.586789 0.511368 0.590244 0.509064 0.593249 0.513572 0.0608
0 0.088421 0.202561 0.072806 0.166451 0.093796 0.157374 0.109411 0.193484 0.0894
0 0.629135 0.536388 0.586272 0.529244 0.589826 0.507918 0.632689 0.515062 0.2381
0 0.307352 0.558896 0.276764 0.553622 0.285917 0.500535 0.316505 0.505809 0.0613
0 0.618249 0.529939 0.594062 0.520869 0.597567 0.511523 0.621754 0.520593 0.1279
0 0.095288 0.255755 0.087768 0.211705 0.117207 0.206679 0.124728 0.250729 0.0578
0 0.898218 0.541278 0.857267 0.495777 0.869317 0.484933 0.910268 0.530434 0.8252
0 0.916667 0.633464 0.891276 0.633464 0.891276 0.590495 0.916667 0.590495 0.2081
0 0.916016 0.634115 0.891276 0.634115 0.891276 0.591797 0.916016 0.591797 0.0526
0 0.208984 0.613281 0.186849 0.613281 0.186849 0.576172 0.208984 0.576172 0.0913
0 0.707630 0.150004 0.640851 0.118470 0.659949 0.078027 0.726728 0.109561 0.3991
0 0.850911 0.450521 0.815755 0.450521 0.815755 0.412109 0.850911 0.412109 0.1168
0 0.208333 0.266276 0.181641 0.266276 0.181641 0.231771 0.208333 0.231771 0.1173
0 0.936571 0.433278 0.905544 0.405460 0.912563 0.397632 0.943590 0.425449 0.6657
0 0.209635 0.613281 0.186198 0.613281 0.186198 0.576172 0.209635 0.576172 0.0583
0 0.897930 0.540886 0.857627 0.496105 0.869749 0.485195 0.910052 0.529977 0.2275
0 0.022135 0.605469 0.000000 0.605469 0.000000 0.580078 0.022135 0.580078 0.1094
0 0.016506 0.269799 0.004136 0.220320 0.028646 0.214193 0.041016 0.263672 0.2160
0 0.901747 0.540642 0.878180 0.514456 0.887244 0.506298 0.910811 0.532484 0.1071
0 0.561251 0.680926 0.557036 0.634552 0.566428 0.633698 0.570643 0.680072 0.6798
0 0.934196 0.380687 0.928176 0.359621 0.939183 0.356476 0.945202 0.377543 0.0763
0 0.888404 0.387600 0.881281 0.359107 0.913450 0.351065 0.920573 0.379557 0.0655
0 0.621179 0.532384 0.618662 0.518122 0.637306 0.514832 0.639823 0.529094 0.1377
0 0.936681 0.433820 0.904291 0.404840 0.912141 0.396067 0.944530 0.425047 0.1331
0 0.090361 0.257372 0.086627 0.208831 0.118639 0.206369 0.122373 0.254910 0.0835
0 0.843099 0.500651 0.812500 0.500651 0.812500 0.463542 0.843099 0.463542 0.0531
0 0.402777 0.563828 0.389115 0.534795 0.400997 0.529203 0.414660 0.558236 0.0866
0 0.628906 0.667318 0.613281 0.667318 0.613281 0.623047 0.628906 0.623047 0.1198
0 0.956223 0.658787 0.952811 0.650256 0.975485 0.641186 0.978897 0.649717 0.0530
0 0.301994 0.676944 0.277006 0.670084 0.288098 0.629676 0.313087 0.636535 0.0963
0 0.043457 0.598753 0.033188 0.596591 0.038873 0.569587 0.049142 0.571749 0.1170
0 0.677978 0.139821 0.642267 0.114525 0.649074 0.104916 0.684785 0.130211 0.2073
0 0.352214 0.641276 0.317057 0.641276 0.317057 0.626953 0.352214 0.626953 0.0972
0 0.015595 0.604280 0.000000 0.595098 0.006859 0.580628 0.023554 0.589810 0.0683
0 0.611178 0.522236 0.588016 0.517603 0.589969 0.507838 0.613131 0.512470 0.1802
0 0.094264 0.255032 0.092373 0.207763 0.118633 0.206713 0.120524 0.253981 0.1512
0 0.868355 0.899700 0.858196 0.867190 0.881809 0.859811 0.891969 0.892321 0.1508
0 0.981771 0.315104 0.968099 0.315104 0.968099 0.299479 0.981771 0.299479 0.1129
0 0.756070 0.196276 0.719699 0.168298 0.734002 0.149703 0.770374 0.177681 0.1793
0 0.093778 0.256762 0.081079 0.217076 0.115214 0.206152 0.127913 0.245839 0.0744
0 0.296720 0.667038 0.285216 0.643720 0.344181 0.614631 0.355685 0.637949 0.0892
0 0.831682 0.910045 0.819042 0.894245 0.827379 0.887576 0.840018 0.903376 0.0679
0 0.601211 0.700378 0.587174 0.698372 0.592591 0.660456 0.606628 0.662461 0.0666
0 0.044982 0.598460 0.032889 0.595868 0.038539 0.569503 0.050632 0.572094 0.0598
0 0.614254 0.523292 0.588059 0.517471 0.590326 0.507269 0.616521 0.513090 0.2607
0 0.889028 0.388750 0.874440 0.351238 0.905700 0.339081 0.920288 0.376594 0.0797
0 0.110677 0.645182 0.089193 0.645182 0.089193 0.615234 0.110677 0.615234 0.0502
0 0.749740 0.200651 0.726172 0.153516 0.744141 0.144531 0.767708 0.191667 0.2506
0 0.016927 0.269531 0.006013 0.225873 0.030522 0.219746 0.041437 0.263404 0.0928
0 0.757812 0.197266 0.740234 0.197266 0.740234 0.176432 0.757812 0.176432 0.1191
0 0.402120 0.563351 0.391989 0.535489 0.403071 0.531459 0.413202 0.559321 0.1934
0 0.030599 0.235026 0.013021 0.235026 0.013021 0.214844 0.030599 0.214844 0.1185
0 0.301106 0.677695 0.271741 0.670101 0.282810 0.627301 0.312175 0.634895 0.0536
0 0.894131 0.386862 0.869749 0.368773 0.890351 0.341006 0.914732 0.359095 0.0721
0 0.784168 0.738017 0.761342 0.736783 0.763844 0.690501 0.786669 0.691734 0.1716
0 0.096344 0.258523 0.083035 0.214793 0.116558 0.204590 0.129867 0.248321 0.0976
0 0.568359 0.679036 0.558594 0.679036 0.558594 0.634115 0.568359 0.634115 0.1496
0 0.594269 0.701524 0.591884 0.660994 0.601731 0.660414 0.604115 0.700945 0.3454
0 0.084367 0.205959 0.074410 0.166131 0.097388 0.160386 0.107345 0.200214 0.0539
0 0.949414 0.338607 0.939353 0.325671 0.961528 0.308423 0.971590 0.321359 0.0999
0 0.077643 0.601029 0.051667 0.597318 0.057266 0.558125 0.083242 0.561836 0.1247
0 0.301167 0.676942 0.273198 0.671137 0.281686 0.630237 0.309655 0.636042 0.1055
0 0.888867 0.388607 0.877539 0.354622 0.909961 0.343815 0.921289 0.377800 0.0508
0 0.087063 0.202876 0.075612 0.167480 0.095130 0.161165 0.106581 0.196561 0.1478
0 0.631055 0.528581 0.626172 0.513932 0.636914 0.510352 0.641797 0.525000 0.1613
0 0.551432 0.999349 0.511719 0.999349 0.511719 0.990885 0.551432 0.990885 0.0750
0 0.111328 0.645182 0.089193 0.645182 0.089193 0.615234 0.111328 0.615234 0.1822
0 0.916016 0.634115 0.890625 0.634115 0.890625 0.592448 0.916016 0.592448 0.0596
0 0.631510 0.528646 0.626563 0.513802 0.637305 0.510221 0.642253 0.525065 0.1192
0 0.631315 0.528711 0.626367 0.513867 0.637305 0.510221 0.642253 0.525065 0.1212
0 0.736979 0.179688 0.729167 0.179688 0.729167 0.152344 0.736979 0.152344 0.0877
0 0.955197 0.341013 0.941172 0.328464 0.972536 0.293409 0.986561 0.305959 0.8842
0 0.957682 0.659505 0.953385 0.650912 0.974740 0.640234 0.979037 0.648828 0.2413
0 0.813045 0.501124 0.810378 0.463786 0.841007 0.461598 0.843674 0.498936 0.0650
0 0.841146 0.499349 0.813802 0.499349 0.813802 0.463542 0.841146 0.463542 0.1224
0 0.628776 0.531641 0.587565 0.517904 0.591732 0.505404 0.632943 0.519141 0.7301
0 0.668130 0.144323 0.641207 0.108690 0.656707 0.096978 0.683630 0.132612 0.0580
0 0.569010 0.685547 0.560547 0.685547 0.560547 0.666016 0.569010 0.666016 0.0634
0 0.096499 0.253055 0.079225 0.217490 0.105307 0.204822 0.122581 0.240386 0.0807
0 0.630590 0.532530 0.611339 0.524279 0.616222 0.512886 0.635473 0.521136 0.2146
0 0.748177 0.203385 0.723698 0.154427 0.743490 0.144531 0.767969 0.193490 0.8443
0 0.755298 0.199587 0.733732 0.176224 0.744035 0.166715 0.765600 0.190077 0.1856
0 0.333464 0.694641 0.298988 0.693262 0.301276 0.636061 0.335752 0.637440 0.1410
0 0.860677 0.257812 0.813802 0.257812 0.813802 0.238281 0.860677 0.238281 0.8801
0 0.842448 0.500651 0.812500 0.500651 0.812500 0.462240 0.842448 0.462240 0.0566
0 0.666182 0.799004 0.637054 0.783469 0.652049 0.755355 0.681176 0.770890 0.0962
0 0.955509 0.340661 0.941487 0.328197 0.972162 0.293687 0.986184 0.306151 0.1423
0 0.123307 0.656380 0.120232 0.631781 0.141466 0.629127 0.144541 0.653726 0.1122
0 0.599609 0.517578 0.589193 0.517578 0.589193 0.509766 0.599609 0.509766 0.1430
0 0.552083 0.999349 0.509115 0.999349 0.509115 0.990885 0.552083 0.990885 0.0693
0 0.531250 0.999349 0.505859 0.999349 0.505859 0.991536 0.531250 0.991536 0.0681
0 0.935952 0.374173 0.933770 0.361082 0.938415 0.360307 0.940597 0.373399 0.0848
0 0.080078 0.599609 0.038411 0.599609 0.038411 0.560547 0.080078 0.560547 0.0730
0 0.718052 0.134131 0.645241 0.119372 0.652829 0.081936 0.725640 0.096695 0.0666
