0 0.263672 0.339193 0.240234 0.339193 0.240234 0.312500 0.263672 0.312500 0.0665
0 0.220052 0.004557 0.188802 0.004557 0.188802 0.000000 0.220052 0.000000 0.0688
0 0.219401 0.004557 0.189453 0.004557 0.189453 0.000000 0.219401 0.000000 0.1020
0 0.216146 0.046875 0.169271 0.046875 0.169271 0.025391 0.216146 0.025391 0.2024
0 0.292969 0.009115 0.285156 0.009115 0.285156 0.007812 0.292969 0.007812 0.0916
0 0.240617 0.315985 0.236443 0.299288 0.258655 0.293735 0.262829 0.310432 0.0509
0 0.790164 0.264674 0.782026 0.263046 0.784981 0.248272 0.793119 0.249900 0.0636
0 0.265411 0.030285 0.261520 0.012776 0.296400 0.005025 0.300291 0.022534 0.1227
0 0.198568 0.046224 0.167969 0.046224 0.167969 0.026693 0.198568 0.026693 0.1877
0 0.262825 0.035742 0.259414 0.011862 0.296602 0.006549 0.300013 0.030430 0.1429
0 0.255208 0.011068 0.234375 0.011068 0.234375 0.000000 0.255208 0.000000 0.1438
0 0.261209 0.023631 0.259238 0.011807 0.295766 0.005719 0.297737 0.017543 0.1656
0 0.214193 0.003906 0.188802 0.003906 0.188802 0.000000 0.214193 0.000000 0.0633
0 0.213542 0.003906 0.188802 0.003906 0.188802 0.000000 0.213542 0.000000 0.0658
0 0.216797 0.003906 0.189453 0.003906 0.189453 0.000000 0.216797 0.000000 0.1397
0 0.261352 0.030778 0.258810 0.011716 0.296124 0.006741 0.298666 0.025803 0.1557
0 0.253255 0.311198 0.237630 0.311198 0.237630 0.298828 0.253255 0.298828 0.0643
0 0.763528 0.341855 0.751953 0.333984 0.764970 0.314841 0.776545 0.322712 0.0638
0 0.221354 0.007812 0.188802 0.007812 0.188802 0.000000 0.221354 0.000000 0.0635
0 0.221354 0.007161 0.192708 0.007161 0.192708 0.000000 0.221354 0.000000 0.0576
0 0.253906 0.315104 0.239583 0.315104 0.239583 0.300130 0.253906 0.300130 0.0922
0 0.262370 0.338542 0.241536 0.338542 0.241536 0.313151 0.262370 0.313151 0.2530
0 0.296224 0.014974 0.278646 0.014974 0.278646 0.007812 0.296224 0.007812 0.1297
0 0.205078 0.002604 0.190755 0.002604 0.190755 0.000000 0.205078 0.000000 0.0745
0 0.222656 0.003906 0.216797 0.003906 0.216797 0.000000 0.222656 0.000000 0.0513
0 0.253906 0.009766 0.225260 0.009766 0.225260 0.000000 0.253906 0.000000 0.0842
0 0.220703 0.006510 0.189453 0.006510 0.189453 0.000000 0.220703 0.000000 0.0596
0 0.216146 0.046875 0.169271 0.046875 0.169271 0.025391 0.216146 0.025391 0.0706
0 0.287109 0.174479 0.262370 0.174479 0.262370 0.164062 0.287109 0.164062 0.1112
0 0.278646 0.171875 0.257161 0.171875 0.257161 0.163411 0.278646 0.163411 0.1005
0 0.255208 0.011719 0.235677 0.011719 0.235677 0.000000 0.255208 0.000000 0.0607
0 0.521765 0.282595 0.494635 0.272729 0.508701 0.234047 0.535831 0.243913 0.0631
0 0.259345 0.020723 0.258383 0.013031 0.270643 0.011498 0.271605 0.019191 0.0828
0 0.287760 0.173177 0.274740 0.173177 0.274740 0.164062 0.287760 0.164062 0.0899
0 0.215495 0.003255 0.190755 0.003255 0.190755 0.000000 0.215495 0.000000 0.5177
0 0.730456 0.493581 0.723802 0.492630 0.724284 0.489258 0.730937 0.490208 0.0618
0 0.225911 0.002604 0.222656 0.002604 0.222656 0.000000 0.225911 0.000000 0.0563
0 0.254557 0.012370 0.226562 0.012370 0.226562 0.000000 0.254557 0.000000 0.0717
0 0.109748 0.586903 0.098512 0.579881 0.111094 0.559750 0.122330 0.566772 0.1148
0 0.222656 0.003906 0.214844 0.003906 0.214844 0.000000 0.222656 0.000000 0.0681
0 0.537061 0.820389 0.521166 0.820010 0.522019 0.784192 0.537914 0.784571 0.0553
0 0.242363 0.310772 0.240134 0.299629 0.257036 0.296249 0.259265 0.307392 0.0718
0 0.216146 0.003255 0.190104 0.003255 0.190104 0.000000 0.216146 0.000000 0.4275
0 0.216146 0.003906 0.189453 0.003906 0.189453 0.000000 0.216146 0.000000 0.1489
0 0.171875 0.063151 0.165365 0.063151 0.165365 0.060547 0.171875 0.060547 0.0582
0 0.693957 0.039571 0.682158 0.008107 0.720614 0.000000 0.732413 0.025150 0.0765
0 0.285807 0.174479 0.258464 0.174479 0.258464 0.163411 0.285807 0.163411 0.3144
0 0.220052 0.004557 0.188802 0.004557 0.188802 0.000000 0.220052 0.000000 0.0631
0 0.719727 0.515951 0.717448 0.513672 0.720378 0.510742 0.722656 0.513021 0.0851
0 0.287109 0.175130 0.263021 0.175130 0.263021 0.164062 0.287109 0.164062 0.1001
0 0.168763 0.047196 0.166600 0.029175 0.180129 0.027551 0.182292 0.045573 0.0684
0 0.255208 0.011068 0.226562 0.011068 0.226562 0.000000 0.255208 0.000000 0.1697
0 0.254557 0.011068 0.225911 0.011068 0.225911 0.000000 0.254557 0.000000 0.1449
0 0.221354 0.005859 0.191406 0.005859 0.191406 0.000000 0.221354 0.000000 0.0765
0 0.183698 0.704349 0.164193 0.701562 0.167956 0.675221 0.187461 0.678008 0.0674
0 0.259961 0.024805 0.258125 0.011953 0.295495 0.006615 0.297331 0.019466 0.7167
0 0.255208 0.012370 0.226562 0.012370 0.226562 0.000000 0.255208 0.000000 0.0770
0 0.255208 0.010417 0.235677 0.010417 0.235677 0.000000 0.255208 0.000000 0.1348
0 0.216797 0.046875 0.175781 0.046875 0.175781 0.026042 0.216797 0.026042 0.0631
0 0.109397 0.592066 0.095928 0.576913 0.116981 0.558199 0.130451 0.573352 0.0519
0 0.245852 0.335663 0.237203 0.300203 0.259355 0.294800 0.268004 0.330260 0.0689
0 0.264193 0.029036 0.257422 0.015495 0.267318 0.010547 0.274089 0.024089 0.0742
0 0.218099 0.003906 0.189453 0.003906 0.189453 0.000000 0.218099 0.000000 0.1694
0 0.220052 0.004557 0.188802 0.004557 0.188802 0.000000 0.220052 0.000000 0.0915
0 0.216146 0.046224 0.201172 0.046224 0.201172 0.026693 0.216146 0.026693 0.1657
0 0.283186 0.033309 0.276851 0.024440 0.300808 0.007329 0.307142 0.016197 0.0506
0 0.255208 0.010417 0.226562 0.010417 0.226562 0.000000 0.255208 0.000000 0.1931
0 0.243079 0.337231 0.238834 0.300086 0.257508 0.297951 0.261753 0.335097 0.1200
0 0.779576 0.777627 0.778154 0.746353 0.795667 0.745557 0.797088 0.776831 0.0647
0 0.292318 0.009115 0.285156 0.009115 0.285156 0.007812 0.292318 0.007812 0.0955
0 0.220703 0.004557 0.188802 0.004557 0.188802 0.000000 0.220703 0.000000 0.0731
0 0.254557 0.011068 0.225260 0.011068 0.225260 0.000000 0.254557 0.000000 0.0992
0 0.255208 0.011719 0.226562 0.011719 0.226562 0.000000 0.255208 0.000000 0.1105
0 0.256510 0.309896 0.239583 0.309896 0.239583 0.297526 0.256510 0.297526 0.3242
0 0.273323 0.025199 0.258310 0.021446 0.261106 0.010263 0.276118 0.014017 0.0721
0 0.220052 0.004557 0.188802 0.004557 0.188802 0.000000 0.220052 0.000000 0.0960
0 0.216797 0.047526 0.168620 0.047526 0.168620 0.025391 0.216797 0.025391 0.8727
0 0.109784 0.587272 0.098584 0.578739 0.118924 0.552042 0.130124 0.560576 0.1468
0 0.222656 0.005859 0.192708 0.005859 0.192708 0.000000 0.222656 0.000000 0.0606
0 0.263672 0.339844 0.240234 0.339844 0.240234 0.312500 0.263672 0.312500 0.0810
0 0.124349 0.568359 0.114583 0.568359 0.114583 0.554688 0.124349 0.554688 0.2207
0 0.287109 0.173177 0.262370 0.173177 0.262370 0.163411 0.287109 0.163411 0.0931
0 0.255208 0.010417 0.226562 0.010417 0.226562 0.000000 0.255208 0.000000 0.6385
0 0.252604 0.010417 0.223958 0.010417 0.223958 0.000000 0.252604 0.000000 0.0549
0 0.542943 0.829245 0.506589 0.801979 0.541823 0.755000 0.578177 0.782266 0.0683
0 0.281901 0.023438 0.259766 0.023438 0.259766 0.012370 0.281901 0.012370 0.1089
0 0.247917 0.012760 0.245182 0.007292 0.252734 0.003516 0.255469 0.008984 0.0630
0 0.220052 0.003906 0.190104 0.003906 0.190104 0.000000 0.220052 0.000000 0.1015
0 0.244423 0.335929 0.239903 0.301277 0.260610 0.298576 0.265130 0.333228 0.0658
0 0.164362 0.064295 0.163763 0.060705 0.171998 0.059333 0.172596 0.062922 0.0680
0 0.537729 0.829059 0.503505 0.797811 0.542843 0.754726 0.577067 0.785974 0.0566
0 0.259948 0.024714 0.258125 0.011953 0.295495 0.006615 0.297318 0.019375 0.7173
0 0.255208 0.011068 0.239583 0.011068 0.239583 0.000000 0.255208 0.000000 0.0969
0 0.217448 0.004557 0.188802 0.004557 0.188802 0.000000 0.217448 0.000000 0.0601
0 0.285818 0.025577 0.281628 0.016673 0.300848 0.007628 0.305038 0.016532 0.0574
0 0.260462 0.341503 0.235560 0.337672 0.239677 0.310912 0.264579 0.314743 0.0609
0 0.220703 0.003906 0.190104 0.003906 0.190104 0.000000 0.220703 0.000000 0.0838
0 0.255208 0.010417 0.226562 0.010417 0.226562 0.000000 0.255208 0.000000 0.1853
