0 0.177466 0.931219 0.156855 0.926639 0.158923 0.917333 0.179534 0.921913 0.2200
0 0.994154 0.609085 0.977869 0.601683 0.989931 0.575146 1.000000 0.582548 0.0503
0 0.438666 0.781324 0.423621 0.729991 0.434743 0.726731 0.449789 0.778064 0.1585
0 0.542318 0.872396 0.513021 0.872396 0.513021 0.832682 0.542318 0.832682 0.0598
0 0.107422 0.717448 0.093099 0.717448 0.093099 0.695964 0.107422 0.695964 0.0926
0 0.437242 0.776115 0.428496 0.745504 0.434171 0.743883 0.442917 0.774494 0.0537
0 0.710286 0.727865 0.666667 0.727865 0.666667 0.697266 0.710286 0.697266 0.0681
0 0.743489 0.716797 0.734776 0.710988 0.751402 0.686048 0.760116 0.691857 0.1667
0 0.011068 0.710286 0.000000 0.710286 0.000000 0.686849 0.011068 0.686849 0.1552
0 0.438502 0.629357 0.429688 0.613932 0.451212 0.601633 0.460026 0.617057 0.0785
0 0.785628 0.741847 0.779073 0.698772 0.830171 0.690996 0.836726 0.734071 0.0632
0 0.473958 0.011068 0.442057 0.011068 0.442057 0.000000 0.473958 0.000000 0.0734
0 0.999349 0.595703 0.988932 0.595703 0.988932 0.574219 0.999349 0.574219 0.0695
0 0.665543 0.081122 0.645138 0.073470 0.651238 0.057202 0.671643 0.064854 0.1283
0 0.393534 0.255908 0.364232 0.251220 0.372707 0.198253 0.402009 0.202941 0.0671
0 0.244141 0.842448 0.229167 0.842448 0.229167 0.827474 0.244141 0.827474 0.0962
0 0.267383 0.525326 0.257617 0.522070 0.261328 0.510938 0.271094 0.514193 0.1260
0 0.656901 0.498698 0.639714 0.464323 0.686068 0.441146 0.703255 0.475521 0.0636
0 0.428938 0.749656 0.422993 0.728847 0.431849 0.726317 0.437795 0.747126 0.1094
0 0.102214 0.690104 0.081380 0.690104 0.081380 0.670573 0.102214 0.670573 0.0849
0 0.432292 0.737630 0.425781 0.737630 0.425781 0.727865 0.432292 0.727865 0.0715
0 0.809245 0.981771 0.801432 0.981771 0.801432 0.979167 0.809245 0.979167 0.0700
0 0.471354 0.011719 0.440755 0.011719 0.440755 0.000000 0.471354 0.000000 0.0769
0 0.010417 0.719401 0.000000 0.719401 0.000000 0.687500 0.010417 0.687500 0.1008
0 0.140732 0.699863 0.130261 0.693801 0.153870 0.653022 0.164341 0.659084 0.1347
0 0.999349 0.888021 0.989583 0.888021 0.989583 0.867188 0.999349 0.867188 0.1302
0 0.437805 0.781008 0.435969 0.758971 0.444105 0.758293 0.445941 0.780330 0.0933
0 0.085938 0.423177 0.067057 0.423177 0.067057 0.391927 0.085938 0.391927 0.0748
0 0.437564 0.781171 0.434785 0.756161 0.443574 0.755184 0.446353 0.780194 0.1296
0 0.995768 0.902018 0.985677 0.891927 0.991536 0.886068 1.000000 0.896159 0.0863
0 0.664180 0.838019 0.636795 0.834242 0.644426 0.778923 0.671810 0.782700 0.0667
0 0.011068 0.719401 0.000000 0.719401 0.000000 0.686849 0.011068 0.686849 0.1759
0 0.297033 0.502305 0.266734 0.497255 0.274687 0.449535 0.304987 0.454585 0.1164
0 0.186871 0.880245 0.177595 0.865170 0.200334 0.851177 0.209610 0.866252 0.1470
0 0.428010 0.748122 0.424054 0.728340 0.432567 0.726638 0.436523 0.746419 0.1102
0 0.778646 0.714844 0.759766 0.714844 0.759766 0.697917 0.778646 0.697917 0.1104
0 0.999349 0.598958 0.987630 0.598958 0.987630 0.574870 0.999349 0.574870 0.0506
0 0.011068 0.719401 0.000000 0.719401 0.000000 0.686849 0.011068 0.686849 0.1461
0 0.824908 0.986100 0.807864 0.980718 0.812193 0.967008 0.829237 0.972391 0.1198
0 0.709882 0.727616 0.667467 0.708602 0.678670 0.683609 0.721085 0.702623 0.0593
0 0.500302 0.240774 0.491981 0.230374 0.511274 0.214939 0.519595 0.225340 0.0898
0 0.139069 0.698200 0.130922 0.693719 0.147265 0.664004 0.155413 0.668485 0.0662
0 0.540605 0.606175 0.506761 0.604060 0.510652 0.541803 0.544496 0.543919 0.0543
0 0.035911 0.910078 0.008112 0.906107 0.011003 0.885872 0.038802 0.889844 0.0636
0 0.737630 0.649089 0.718750 0.649089 0.718750 0.624349 0.737630 0.624349 0.0706
0 0.988281 0.904948 0.975911 0.904948 0.975911 0.893880 0.988281 0.893880 0.2136
0 0.999349 0.888672 0.989583 0.888672 0.989583 0.866536 0.999349 0.866536 0.1214
0 0.011068 0.715495 0.000000 0.715495 0.000000 0.686849 0.011068 0.686849 0.5475
0 0.011353 0.937190 0.009361 0.889367 0.036711 0.888227 0.038704 0.936050 0.1419
0 0.010542 0.902970 0.008163 0.891076 0.033078 0.886093 0.035457 0.897987 0.0558
0 0.999349 0.891276 0.989583 0.891276 0.989583 0.868490 0.999349 0.868490 0.0525
0 0.618490 0.718099 0.599609 0.718099 0.599609 0.695964 0.618490 0.695964 0.0861
0 0.188281 0.877214 0.181771 0.864193 0.203385 0.853386 0.209896 0.866406 0.0518
0 0.791667 0.629557 0.777344 0.629557 0.777344 0.615885 0.791667 0.615885 0.1031
0 0.439048 0.781234 0.423758 0.729964 0.434246 0.726836 0.449537 0.778105 0.0615
0 0.014429 0.934878 0.007179 0.891382 0.035367 0.886684 0.042617 0.930180 0.0648
0 0.829427 0.982422 0.809896 0.982422 0.809896 0.970703 0.829427 0.970703 0.0534
0 0.306641 0.491536 0.290365 0.491536 0.290365 0.451823 0.306641 0.451823 0.0558
0 0.990620 0.888603 0.989200 0.867300 0.998707 0.866666 1.000000 0.887969 0.1292
0 0.948192 0.906840 0.933785 0.897672 0.939093 0.889331 0.953500 0.898499 0.0540
0 0.744922 0.906510 0.731445 0.902018 0.733984 0.894401 0.747461 0.898893 0.1000
0 0.231673 0.632329 0.208598 0.630790 0.211540 0.586672 0.234614 0.588210 0.0536
0 0.428462 0.747051 0.423828 0.728516 0.432407 0.726371 0.437040 0.744907 0.0970
0 0.287721 0.500924 0.267578 0.498047 0.272213 0.465599 0.292357 0.468477 0.1010
0 0.438791 0.781747 0.423445 0.729391 0.434392 0.726183 0.449737 0.778539 0.6687
0 0.575774 0.871987 0.543845 0.869785 0.547115 0.822372 0.579043 0.824574 0.0655
0 0.473307 0.011068 0.442057 0.011068 0.442057 0.000000 0.473307 0.000000 0.2561
0 0.102749 0.853942 0.081818 0.830020 0.090207 0.822680 0.111138 0.846602 0.2399
0 0.776693 0.634115 0.763672 0.634115 0.763672 0.615234 0.776693 0.615234 0.1277
0 0.712240 0.727865 0.676432 0.727865 0.676432 0.696615 0.712240 0.696615 0.0796
0 0.564280 0.175805 0.531032 0.150473 0.553031 0.121599 0.586279 0.146931 0.0683
0 0.473958 0.011068 0.441406 0.011068 0.441406 0.000000 0.473958 0.000000 0.0729
0 0.999349 0.891276 0.988932 0.891276 0.988932 0.869141 0.999349 0.869141 0.0504
0 0.231120 0.630859 0.211589 0.630859 0.211589 0.601562 0.231120 0.601562 0.1028
0 0.763672 0.668620 0.748698 0.668620 0.748698 0.649089 0.763672 0.649089 0.1930
0 0.718099 0.791667 0.705078 0.791667 0.705078 0.778646 0.718099 0.778646 0.0722
0 0.305990 0.488932 0.288411 0.488932 0.288411 0.451823 0.305990 0.451823 0.0755
