0 0.066335 0.976033 0.000000 0.971690 0.000418 0.949897 0.067741 0.954240 0.7266
0 0.016927 0.950521 0.000000 0.950521 0.000000 0.930990 0.016927 0.930990 0.5858
0 0.098718 0.652719 0.074192 0.650077 0.082024 0.577353 0.106550 0.579994 0.2365
0 0.268068 0.741935 0.232498 0.734030 0.247924 0.664614 0.283494 0.672518 0.2039
0 0.009766 0.723958 0.000000 0.723958 0.000000 0.679688 0.009766 0.679688 0.5430
0 0.270210 0.798934 0.251564 0.788004 0.286363 0.728640 0.305010 0.739570 0.1380
0 0.078992 0.741707 0.059565 0.735809 0.081827 0.662477 0.101253 0.668375 0.2001
0 0.076486 0.657831 0.055991 0.654616 0.068348 0.575838 0.088843 0.579053 0.7071
0 0.126310 0.734195 0.104546 0.733269 0.107206 0.670772 0.128969 0.671698 0.6722
0 0.021025 0.614469 0.004327 0.610294 0.020450 0.545803 0.037148 0.549977 0.2777
0 0.063493 0.753410 0.034634 0.746718 0.054776 0.659856 0.083635 0.666548 0.1617
0 0.337715 0.774335 0.320656 0.762150 0.349557 0.721689 0.366616 0.733874 0.8561
0 0.016927 0.950521 0.000000 0.950521 0.000000 0.930990 0.016927 0.930990 0.5823
0 0.065090 0.628776 0.041869 0.628156 0.044327 0.535991 0.067548 0.536610 0.2282
0 0.313012 0.697536 0.275940 0.688915 0.284571 0.651799 0.321644 0.660420 0.1776
0 0.027995 0.688802 0.003906 0.688802 0.003906 0.617839 0.027995 0.617839 0.2922
0 0.274502 0.687626 0.232437 0.674793 0.246247 0.629527 0.288312 0.642360 0.2117
0 0.236970 0.679291 0.220089 0.659772 0.256509 0.628274 0.273390 0.647793 0.4107
0 0.364974 0.772005 0.347005 0.763021 0.369141 0.718750 0.387109 0.727734 0.1532
0 0.294238 0.692929 0.272916 0.685314 0.299076 0.612068 0.320398 0.619683 0.1592
0 0.060792 0.643298 0.036895 0.641460 0.044811 0.538553 0.068708 0.540391 0.3323
0 0.065300 0.647105 0.037991 0.645883 0.042483 0.545561 0.069792 0.546784 0.1399
0 0.174115 0.641224 0.155521 0.634661 0.179054 0.567983 0.197648 0.574545 0.2985
0 0.040306 0.607834 0.016060 0.605894 0.021131 0.542498 0.045377 0.544437 0.2584
0 0.168514 0.656520 0.148115 0.648538 0.178257 0.571508 0.198656 0.579490 0.6623
0 0.365815 0.772447 0.347442 0.763801 0.368394 0.719279 0.386767 0.727925 0.1540
0 0.155306 0.647825 0.127059 0.635820 0.162553 0.552304 0.190800 0.564309 0.2192
0 0.024089 0.623047 0.000000 0.617078 0.006968 0.579182 0.032834 0.585151 0.2083
0 0.293108 0.750332 0.265332 0.740670 0.291163 0.666407 0.318939 0.676068 0.7210
0 0.205729 0.745443 0.186887 0.740732 0.204542 0.670113 0.223384 0.674824 0.8595
0 0.140184 0.780323 0.116175 0.777122 0.123942 0.718869 0.147951 0.722071 0.1331
0 0.155277 0.640102 0.133567 0.633495 0.158348 0.552071 0.180058 0.558678 0.2162
0 0.107422 0.650391 0.066406 0.650391 0.066406 0.548828 0.107422 0.548828 0.1036
0 0.308654 0.881080 0.289934 0.870383 0.315615 0.825441 0.334335 0.836138 0.1498
0 0.125958 0.721863 0.123669 0.664637 0.139269 0.664012 0.141558 0.721239 0.3441
0 0.143555 0.659831 0.129297 0.617057 0.163281 0.605729 0.177539 0.648503 0.2071
0 0.214949 0.671080 0.189743 0.663060 0.212093 0.592816 0.237299 0.600836 0.1770
0 0.205423 0.745366 0.187194 0.740809 0.203968 0.673713 0.222197 0.678271 0.1876
0 0.287103 0.903113 0.264757 0.897320 0.288147 0.807102 0.310492 0.812896 0.8567
0 0.324834 0.729062 0.307911 0.723623 0.330847 0.652266 0.347770 0.657705 0.8599
0 0.007487 0.663737 0.000000 0.608854 0.015169 0.600195 0.033464 0.655078 0.2521
0 0.158428 0.708095 0.144870 0.651320 0.174820 0.644168 0.188378 0.700943 0.1682
0 0.055565 0.752661 0.033307 0.745904 0.057549 0.666047 0.079808 0.672804 0.7380
0 0.154186 0.641892 0.132945 0.635255 0.155708 0.562412 0.176949 0.569050 0.7379
0 0.064453 0.643229 0.000000 0.643229 0.000000 0.550130 0.064453 0.550130 0.1202
0 0.132998 0.701314 0.112339 0.697812 0.124693 0.624926 0.145352 0.628427 0.1682
0 0.132812 0.735026 0.107422 0.735026 0.107422 0.671224 0.132812 0.671224 0.2375
0 0.026693 0.671224 0.000000 0.671224 0.000000 0.613932 0.026693 0.613932 0.2738
0 0.027995 0.690104 0.000000 0.690104 0.000000 0.615885 0.027995 0.615885 0.1506
0 0.285042 0.749663 0.261885 0.741242 0.279221 0.693568 0.302378 0.701989 0.2727
0 0.014974 0.634115 0.000000 0.634115 0.000000 0.596354 0.014974 0.596354 0.2847
0 0.082921 0.657489 0.036887 0.653893 0.044336 0.558538 0.090371 0.562134 0.1212
0 0.014323 0.947917 0.000000 0.947917 0.000000 0.934896 0.014323 0.934896 0.0970
0 0.103602 0.641933 0.083163 0.640570 0.089112 0.551340 0.109551 0.552703 0.1188
0 0.027995 0.688151 0.000000 0.688151 0.000000 0.613281 0.027995 0.613281 0.1590
0 0.074730 0.657704 0.019428 0.644732 0.041721 0.549693 0.097023 0.562665 0.1189
0 0.105882 0.587311 0.082336 0.583236 0.088961 0.544957 0.112507 0.549032 0.1708
0 0.347012 0.773690 0.325066 0.767781 0.337587 0.721272 0.359534 0.727181 0.1032
0 0.014974 0.625651 0.000000 0.625651 0.000000 0.560547 0.014974 0.560547 0.3946
0 0.072983 0.756225 0.034231 0.747282 0.054135 0.661030 0.092887 0.669973 0.1140
0 0.055534 0.752460 0.033205 0.745964 0.055594 0.669002 0.077923 0.675498 0.2197
0 0.040545 0.589382 0.038849 0.538505 0.063756 0.537675 0.065452 0.588552 0.0939
0 0.108118 0.737007 0.094038 0.677169 0.121762 0.670645 0.135841 0.730484 0.2808
0 0.024089 0.911458 0.000000 0.911458 0.000000 0.853516 0.024089 0.853516 0.1430
0 0.214487 0.674514 0.189850 0.667944 0.209376 0.594723 0.234013 0.601292 0.8631
0 0.005859 0.918620 0.000000 0.918620 0.000000 0.856771 0.005859 0.856771 0.0790
0 0.164999 0.657852 0.143322 0.646695 0.179280 0.576833 0.200957 0.587991 0.3530
0 0.042318 0.634766 0.018229 0.634766 0.018229 0.550781 0.042318 0.550781 0.6244
0 0.064563 0.977420 0.000000 0.970813 0.000670 0.949025 0.066741 0.955632 0.1640
0 0.136719 0.722005 0.123047 0.722005 0.123047 0.668620 0.136719 0.668620 0.3801
0 0.143538 0.752287 0.119524 0.743934 0.129457 0.715375 0.153471 0.723728 0.1318
0 0.014323 0.628906 0.000000 0.628906 0.000000 0.592448 0.014323 0.592448 0.3570
0 0.064781 0.631439 0.042301 0.630737 0.045224 0.537221 0.067703 0.537923 0.3095
0 0.040325 0.600350 0.016330 0.598064 0.021699 0.541687 0.045694 0.543972 0.2565
0 0.127747 0.735378 0.118151 0.668203 0.139297 0.665182 0.148893 0.732357 0.3430
0 0.176432 0.708984 0.147135 0.708984 0.147135 0.647135 0.176432 0.647135 0.1727
0 0.076595 0.654092 0.055082 0.650430 0.068141 0.573711 0.089653 0.577372 0.2865
0 0.019531 0.623698 0.000000 0.623698 0.000000 0.585286 0.019531 0.585286 0.2717
0 0.062929 0.634393 0.039162 0.633997 0.040738 0.539427 0.064506 0.539823 0.2510
0 0.133483 0.735917 0.131813 0.659102 0.153924 0.658622 0.155594 0.735437 0.6811
0 0.302153 0.849728 0.293642 0.849228 0.296440 0.801675 0.304950 0.802175 0.0672
0 0.105915 0.757347 0.084322 0.756267 0.088155 0.679603 0.109748 0.680683 0.3019
0 0.312621 0.882866 0.290391 0.872986 0.328729 0.786727 0.350958 0.796607 0.8481
0 0.006403 0.913320 0.002011 0.856216 0.019834 0.854845 0.024226 0.911948 0.8100
0 0.153125 0.675391 0.137630 0.644401 0.165495 0.630469 0.180990 0.661458 0.1610
0 0.102884 0.761525 0.082644 0.759501 0.090656 0.679378 0.110896 0.681402 0.6582
0 0.134766 0.636719 0.104167 0.636719 0.104167 0.568359 0.134766 0.568359 0.2689
0 0.190224 0.658966 0.169640 0.652912 0.190902 0.580619 0.211487 0.586674 0.7657
0 0.156901 0.702474 0.126953 0.702474 0.126953 0.649740 0.156901 0.649740 0.2104
0 0.132812 0.694661 0.109812 0.688027 0.128413 0.623543 0.151414 0.630178 0.1395
0 0.080129 0.742258 0.059749 0.736499 0.080080 0.664558 0.100460 0.670318 0.7563
0 0.254762 0.732023 0.231291 0.723488 0.257199 0.652239 0.280670 0.660774 0.7465
0 0.102230 0.652438 0.077969 0.649963 0.088281 0.548908 0.112542 0.551383 0.7388
0 0.042735 0.627658 0.025781 0.624404 0.042456 0.537518 0.059410 0.540771 0.2853
0 0.045723 0.585387 0.030699 0.575370 0.057542 0.535106 0.072566 0.545122 0.1286
0 0.018880 0.613281 0.000000 0.613281 0.000000 0.536458 0.018880 0.536458 0.3590
0 0.058542 0.644697 0.036276 0.642353 0.046372 0.546445 0.068638 0.548789 0.3066
0 0.176654 0.629601 0.155958 0.623494 0.172515 0.567385 0.193211 0.573492 0.2190
0 0.246737 0.681281 0.225969 0.668064 0.269880 0.599062 0.290648 0.612278 0.7027
0 0.116925 0.675192 0.092251 0.669317 0.115869 0.570122 0.140543 0.575997 0.7173
0 0.120705 0.729413 0.087621 0.725737 0.093107 0.676361 0.126191 0.680037 0.3423
0 0.050032 0.997966 0.000000 0.967529 0.003142 0.930867 0.067398 0.961304 0.1201
0 0.014323 0.947917 0.000000 0.947917 0.000000 0.935547 0.014323 0.935547 0.1051
0 0.009766 0.723958 0.000000 0.723958 0.000000 0.679688 0.009766 0.679688 0.5423
0 0.272715 0.694873 0.244805 0.692547 0.248622 0.646749 0.276531 0.649075 0.2054
0 0.371200 0.759382 0.351840 0.744631 0.384689 0.701517 0.404049 0.716267 0.0965
0 0.062662 0.645382 0.038427 0.643546 0.046484 0.537198 0.070719 0.539034 0.2933
0 0.061668 0.636685 0.038060 0.635741 0.041926 0.539099 0.065534 0.540043 0.2657
0 0.018880 0.598307 0.000000 0.598307 0.000000 0.535156 0.018880 0.535156 0.3317
0 0.079389 0.660500 0.056385 0.658644 0.062977 0.576903 0.085981 0.578759 0.1357
0 0.014974 0.628906 0.000000 0.628906 0.000000 0.589844 0.014974 0.589844 0.4282
0 0.170503 0.709407 0.151394 0.706222 0.161951 0.642877 0.181060 0.646062 0.7680
0 0.124963 0.722084 0.123297 0.666241 0.137995 0.665803 0.139662 0.721645 0.3744
0 0.056528 0.660201 0.022225 0.574443 0.075207 0.553251 0.109510 0.639009 0.1089
0 0.005878 0.648777 0.000000 0.601644 0.013207 0.593687 0.029252 0.640820 0.2714
0 0.076639 0.657774 0.055406 0.654508 0.067539 0.575645 0.088771 0.578911 0.2579
0 0.018880 0.625000 0.000000 0.625000 0.000000 0.536458 0.018880 0.536458 0.1570
0 0.368377 0.772742 0.348958 0.764974 0.371857 0.707727 0.391276 0.715495 0.8401
0 0.067458 0.644898 0.036158 0.642910 0.041930 0.552007 0.073229 0.553994 0.1807
0 0.083116 0.973853 0.048686 0.971886 0.049243 0.962133 0.083673 0.964101 0.1206
0 0.005859 0.921224 0.000000 0.921224 0.000000 0.859375 0.005859 0.859375 0.1302
0 0.003800 0.643272 0.000000 0.598887 0.013272 0.592375 0.026184 0.636760 0.3110
0 0.039671 0.635832 0.016141 0.634890 0.019425 0.552782 0.042955 0.553723 0.2551
0 0.133502 0.679534 0.092601 0.669309 0.105239 0.618758 0.146140 0.628983 0.1864
0 0.154700 0.666795 0.120841 0.656022 0.132598 0.619072 0.166457 0.629846 0.2342
0 0.137528 0.705741 0.104244 0.691872 0.131980 0.625304 0.165264 0.639173 0.1464
0 0.080117 0.647400 0.022748 0.641663 0.031914 0.550001 0.089283 0.555738 0.1337
0 0.059650 0.756504 0.031081 0.744940 0.055745 0.684006 0.084314 0.695570 0.1143
0 0.274740 0.757161 0.240234 0.757161 0.240234 0.684245 0.274740 0.684245 0.0752
0 0.080813 0.657365 0.054256 0.654709 0.062339 0.573877 0.088896 0.576533 0.1719
0 0.127175 0.668730 0.109108 0.631205 0.139213 0.616710 0.157281 0.654235 0.2882
0 0.026693 0.690104 0.003255 0.690104 0.003255 0.619141 0.026693 0.619141 0.6828
0 0.014323 0.947266 0.000000 0.947266 0.000000 0.935547 0.014323 0.935547 0.1618
0 0.105924 0.646419 0.081938 0.645376 0.086106 0.549515 0.110092 0.550558 0.2449
0 0.059574 0.646007 0.037350 0.643923 0.045932 0.552381 0.068156 0.554465 0.6256
0 0.175958 0.631491 0.157691 0.624740 0.178758 0.567733 0.197026 0.574484 0.2804
0 0.032539 0.973147 0.000000 0.968119 0.000140 0.932557 0.037344 0.937585 0.0791
0 0.282216 0.748988 0.258770 0.736200 0.288552 0.681599 0.311998 0.694388 0.2711
0 0.151563 0.741822 0.125105 0.738596 0.134492 0.661616 0.160950 0.664842 0.2307
0 0.124720 0.739920 0.123304 0.659204 0.154739 0.658652 0.156155 0.739368 0.1204
0 0.176140 0.632946 0.158115 0.626231 0.179776 0.568086 0.197802 0.574801 0.2932
0 0.009266 0.647083 0.000000 0.600671 0.013400 0.593618 0.029543 0.640030 0.2627
0 0.015625 0.949870 0.000000 0.949870 0.000000 0.932292 0.015625 0.932292 0.1290
0 0.031901 0.972005 0.000000 0.972005 0.000000 0.934896 0.031901 0.934896 0.1179
0 0.335122 0.679746 0.326110 0.675478 0.337458 0.651522 0.346469 0.655790 0.0619
0 0.097115 0.656430 0.034172 0.649236 0.044857 0.555740 0.107800 0.562934 0.1530
0 0.004633 0.648287 0.000000 0.602670 0.013021 0.595052 0.027934 0.640670 0.2979
0 0.260455 0.760915 0.246515 0.757430 0.262293 0.694317 0.276233 0.697802 0.7639
0 0.238588 0.667394 0.217601 0.662148 0.235447 0.590763 0.256434 0.596010 0.8047
0 0.136523 0.670053 0.113527 0.665554 0.126595 0.598761 0.149591 0.603260 0.1682
0 0.020833 0.621745 0.000000 0.621745 0.000000 0.557292 0.020833 0.557292 0.1935
0 0.005859 0.920573 0.000000 0.920573 0.000000 0.856771 0.005859 0.856771 0.1089
0 0.280373 0.817744 0.262514 0.802564 0.319604 0.735400 0.337463 0.750580 0.8227
0 0.080617 0.978446 0.013933 0.972384 0.015924 0.950489 0.082608 0.956551 0.1351
0 0.339248 0.806258 0.333282 0.803994 0.342171 0.780561 0.348137 0.782824 0.0565
0 0.006576 0.641471 0.000000 0.598698 0.013802 0.591537 0.028060 0.634310 0.2616
0 0.022366 0.897906 0.017006 0.849673 0.035799 0.847585 0.041159 0.895817 0.8469
0 0.018880 0.600260 0.000000 0.600260 0.000000 0.536458 0.018880 0.536458 0.4970
0 0.319240 0.586857 0.316789 0.577053 0.323223 0.575444 0.325674 0.585248 0.0513
0 0.068234 0.625378 0.043924 0.624973 0.045393 0.536824 0.069703 0.537229 0.2530
0 0.246125 0.651312 0.232263 0.624929 0.290365 0.594401 0.304227 0.620784 0.0781
0 0.082289 0.976731 0.000000 0.971853 0.000656 0.949793 0.083587 0.954672 0.1107
0 0.167894 0.654454 0.147699 0.646239 0.179076 0.569104 0.199271 0.577319 0.3404
0 0.266827 0.798978 0.249099 0.787159 0.287660 0.729317 0.305389 0.741136 0.8461
0 0.014921 0.590811 0.000774 0.588454 0.010012 0.533027 0.024159 0.535385 0.2821
0 0.280362 0.817226 0.262776 0.802152 0.320680 0.734597 0.338266 0.749671 0.1539
0 0.016276 0.624349 0.000000 0.624349 0.000000 0.571615 0.016276 0.571615 0.3396
0 0.016276 0.624349 0.000000 0.624349 0.000000 0.555339 0.016276 0.555339 0.3226
0 0.270210 0.649955 0.245893 0.639317 0.266752 0.591639 0.291069 0.602278 0.3445
0 0.287470 0.804874 0.280119 0.797955 0.302538 0.774134 0.309890 0.781053 0.0906
0 0.063016 0.582621 0.044102 0.581957 0.045742 0.535219 0.064656 0.535883 0.2449
0 0.265424 0.645754 0.247910 0.626295 0.288304 0.589941 0.305817 0.609400 0.1637
0 0.056442 0.752264 0.033844 0.746337 0.053658 0.670794 0.076256 0.676721 0.2408
0 0.294271 0.693359 0.274154 0.686654 0.300521 0.607552 0.320638 0.614258 0.7886
0 0.122480 0.779107 0.119543 0.717429 0.138597 0.716522 0.141534 0.778200 0.1258
0 0.007297 0.640641 0.000000 0.596544 0.013694 0.590285 0.027413 0.634382 0.3097
0 0.149753 0.660716 0.121771 0.656719 0.129714 0.601120 0.157695 0.605117 0.1947
0 0.165056 0.653285 0.134511 0.639031 0.169323 0.564434 0.199867 0.578688 0.1713
0 0.059264 0.648310 0.039526 0.645349 0.049033 0.581964 0.068772 0.584925 0.1824
0 0.019531 0.628906 0.000000 0.628906 0.000000 0.586589 0.019531 0.586589 0.2490
0 0.004534 0.643924 0.000000 0.599692 0.013257 0.593028 0.026610 0.637260 0.3247
0 0.139123 0.670272 0.119842 0.666416 0.128931 0.620969 0.148212 0.624825 0.5722
0 0.016371 0.592775 0.000000 0.590895 0.002946 0.530998 0.022215 0.532877 0.2404
0 0.132610 0.709663 0.111535 0.706806 0.118485 0.655554 0.139559 0.658412 0.1847
0 0.102687 0.570415 0.094118 0.568108 0.099700 0.547375 0.108269 0.549682 0.1301
0 0.165848 0.651689 0.127090 0.645675 0.135616 0.590728 0.174374 0.596742 0.1692
0 0.141276 0.779297 0.123047 0.779297 0.123047 0.722656 0.141276 0.722656 0.7951
0 0.174913 0.679092 0.134941 0.673935 0.139339 0.639850 0.179311 0.645008 0.1806
0 0.191705 0.652571 0.159168 0.643533 0.178736 0.573086 0.211273 0.582125 0.2502
0 0.068099 0.707552 0.048307 0.697656 0.068750 0.656771 0.088542 0.666667 0.1907
0 0.022644 0.898531 0.016956 0.850180 0.035767 0.847967 0.041456 0.896318 0.1395
0 0.079308 0.648962 0.039246 0.645401 0.046985 0.558329 0.087048 0.561890 0.1536
0 0.237025 0.665874 0.216166 0.659199 0.238125 0.590575 0.258984 0.597250 0.2491
