0 0.619141 0.979167 0.608073 0.979167 0.608073 0.928385 0.619141 0.928385 0.1334
0 0.903276 0.801696 0.898140 0.769167 0.917664 0.766084 0.922801 0.798613 0.1159
0 0.642860 0.909241 0.638549 0.883376 0.652696 0.881018 0.657007 0.906883 0.1379
0 0.728018 0.916943 0.699765 0.866088 0.720439 0.854603 0.748692 0.905458 0.0750
0 0.685298 0.930677 0.677162 0.877792 0.702113 0.873954 0.710249 0.926839 0.1095
0 0.638742 0.907975 0.633569 0.876936 0.646344 0.874807 0.651517 0.905845 0.2905
0 0.632689 0.896470 0.624534 0.874045 0.635512 0.870053 0.643666 0.892478 0.1736
0 0.442428 0.810295 0.425886 0.809683 0.427411 0.768507 0.443953 0.769119 0.0673
0 0.813103 0.771607 0.808679 0.722944 0.839086 0.720180 0.843510 0.768843 0.1043
0 0.812812 0.768754 0.809426 0.737146 0.823678 0.735619 0.827064 0.767227 0.1294
0 0.855092 0.817021 0.843543 0.775957 0.864094 0.770178 0.875643 0.811241 0.1154
0 0.825880 0.768385 0.814647 0.715965 0.837811 0.711001 0.849044 0.763421 0.0945
0 0.293795 0.723733 0.278646 0.720703 0.282126 0.703300 0.297276 0.706330 0.0918
0 0.628053 0.906364 0.623653 0.873357 0.637896 0.871458 0.642297 0.904465 0.2253
0 0.644703 0.906852 0.635490 0.874607 0.650538 0.870308 0.659751 0.902553 0.5995
0 0.742476 0.884547 0.712023 0.871604 0.727409 0.835402 0.757862 0.848345 0.1259
0 0.635417 0.901042 0.619792 0.901042 0.619792 0.871745 0.635417 0.871745 0.1236
0 0.827209 0.855068 0.803753 0.804454 0.842721 0.786396 0.866176 0.837010 0.0745
0 0.837989 0.764684 0.812866 0.719821 0.832353 0.708908 0.857477 0.753771 0.0949
0 0.921875 0.800781 0.902995 0.800781 0.902995 0.766276 0.921875 0.766276 0.2995
0 0.818371 0.770488 0.804558 0.717996 0.834489 0.710119 0.848302 0.762611 0.0949
0 0.445162 0.825621 0.425381 0.821665 0.429187 0.802634 0.448968 0.806591 0.0721
0 0.784343 0.940651 0.708738 0.858326 0.736336 0.832981 0.811941 0.915306 0.9102
0 0.925130 0.831380 0.907552 0.831380 0.907552 0.797526 0.925130 0.797526 0.2526
0 0.632102 0.906088 0.626812 0.872590 0.639015 0.870663 0.644304 0.904162 0.3512
0 0.646660 0.907777 0.641076 0.879858 0.655349 0.877003 0.660932 0.904923 0.1258
0 0.442708 0.810547 0.426432 0.810547 0.426432 0.774089 0.442708 0.774089 0.1214
0 0.825505 0.770569 0.819360 0.716491 0.848751 0.713151 0.854896 0.767229 0.0709
0 0.847357 0.760575 0.798335 0.725560 0.815183 0.701972 0.864205 0.736988 0.0535
0 0.853993 0.818949 0.809300 0.794967 0.829610 0.757117 0.874303 0.781098 0.0894
0 0.655017 0.908742 0.636585 0.907067 0.638773 0.882999 0.657205 0.884675 0.1480
0 0.652299 0.903744 0.642667 0.878059 0.653013 0.874180 0.662644 0.899864 0.1026
0 0.636068 0.963542 0.625000 0.963542 0.625000 0.938802 0.636068 0.938802 0.0524
0 0.761281 0.860150 0.744637 0.812299 0.764964 0.805229 0.781608 0.853080 0.1702
0 0.840495 0.746745 0.805339 0.746745 0.805339 0.713542 0.840495 0.713542 0.0841
0 0.629639 0.908897 0.620646 0.880418 0.633514 0.876355 0.642508 0.904833 0.2133
0 0.442708 0.807292 0.429036 0.807292 0.429036 0.774089 0.442708 0.774089 0.0902
0 0.638207 0.908170 0.632393 0.875227 0.646395 0.872756 0.652208 0.905699 0.5233
0 0.820638 0.797852 0.813021 0.775000 0.838802 0.766406 0.846419 0.789258 0.1339
0 0.625329 0.908049 0.614631 0.877740 0.627572 0.873173 0.638269 0.903482 0.6172
0 0.825056 0.770496 0.816357 0.715400 0.838589 0.711890 0.847289 0.766985 0.1346
0 0.646269 0.910565 0.629135 0.891289 0.640288 0.881376 0.657422 0.900651 0.1026
0 0.843099 0.772786 0.811849 0.772786 0.811849 0.742839 0.843099 0.742839 0.0815
0 0.783572 0.939558 0.711061 0.856850 0.738346 0.832929 0.810857 0.915637 0.3248
0 0.844401 0.772786 0.826172 0.772786 0.826172 0.741536 0.844401 0.741536 0.1019
0 0.921224 0.802734 0.902344 0.802734 0.902344 0.779297 0.921224 0.779297 0.1205
0 0.840599 0.761797 0.834115 0.716406 0.847878 0.714440 0.854362 0.759831 0.0650
0 0.646676 0.905714 0.638978 0.874923 0.652765 0.871477 0.660463 0.902267 0.5730
0 0.624803 0.889360 0.615689 0.886756 0.619841 0.872224 0.628955 0.874828 0.0570
0 0.824103 0.750125 0.811581 0.716734 0.833556 0.708494 0.846078 0.741884 0.1057
0 0.727528 0.918485 0.710017 0.877627 0.732096 0.868164 0.749607 0.909023 0.5334
0 0.654314 0.895288 0.651974 0.881247 0.657464 0.880331 0.659804 0.894373 0.0639
0 0.442708 0.807292 0.429036 0.807292 0.429036 0.773438 0.442708 0.773438 0.0915
0 0.824117 0.851381 0.821909 0.805015 0.851542 0.803603 0.853750 0.849970 0.1549
0 0.645217 0.906461 0.640062 0.875528 0.654420 0.873135 0.659576 0.904068 0.2005
0 0.652474 0.901953 0.640495 0.877995 0.650651 0.872917 0.662630 0.896875 0.1097
0 0.442708 0.817057 0.426432 0.817057 0.426432 0.783854 0.442708 0.783854 0.0594
0 0.643919 0.908356 0.635838 0.876034 0.651157 0.872204 0.659237 0.904527 0.3446
0 0.748213 0.914617 0.717766 0.913666 0.720043 0.840800 0.750490 0.841751 0.2363
0 0.654397 0.894682 0.652855 0.882342 0.657662 0.881741 0.659205 0.894081 0.0661
0 0.644971 0.907587 0.639851 0.876865 0.654314 0.874455 0.659435 0.905177 0.2587
0 0.822881 0.751091 0.816793 0.714562 0.836958 0.711201 0.843046 0.747730 0.1209
0 0.845404 0.838825 0.838925 0.809666 0.865464 0.803768 0.871944 0.832927 0.0885
0 0.832236 0.853895 0.798975 0.806870 0.852403 0.769080 0.885664 0.816104 0.0750
0 0.606546 0.979642 0.603737 0.920655 0.617594 0.919996 0.620403 0.978983 0.6604
0 0.821773 0.749648 0.815843 0.714070 0.837169 0.710515 0.843099 0.746094 0.1010
0 0.853394 0.820418 0.829990 0.806589 0.852620 0.768292 0.876024 0.782121 0.1020
0 0.813787 0.769685 0.801334 0.715718 0.817452 0.711998 0.829906 0.765965 0.1714
0 0.876630 0.861742 0.860017 0.816055 0.885787 0.806683 0.902401 0.852370 0.2813
0 0.796881 0.857281 0.780796 0.848344 0.795690 0.821535 0.811775 0.830471 0.1315
0 0.442708 0.809245 0.427083 0.809245 0.427083 0.783854 0.442708 0.783854 0.0724
0 0.844306 0.815256 0.834707 0.774115 0.864631 0.767133 0.874231 0.808274 0.0861
0 0.855237 0.820941 0.840189 0.777164 0.863042 0.769308 0.878090 0.813086 0.1049
0 0.631560 0.908575 0.624720 0.879508 0.636332 0.876776 0.643172 0.905842 0.3862
0 0.667862 1.000000 0.654485 0.890129 0.680250 0.887048 0.693628 0.998928 0.9282
0 0.903974 0.853920 0.902395 0.801825 0.922362 0.801220 0.923940 0.853315 0.0885
0 0.694314 0.995545 0.678102 0.878819 0.704982 0.875086 0.721193 0.991812 0.9282
0 0.630070 0.907547 0.623860 0.878050 0.636558 0.875377 0.642768 0.904874 0.0907
0 0.854174 0.820772 0.828332 0.806559 0.849831 0.767472 0.875672 0.781685 0.0849
0 0.626953 0.907552 0.617318 0.878646 0.630794 0.874154 0.640430 0.903060 0.0975
0 0.652995 0.902995 0.640885 0.878776 0.651563 0.873437 0.663672 0.897656 0.0831
0 0.648488 0.911208 0.634617 0.901672 0.642443 0.890288 0.656314 0.899824 0.1022
0 0.627882 0.905496 0.624222 0.872555 0.638013 0.871022 0.641673 0.903963 0.2463
0 0.629753 0.908789 0.622461 0.886914 0.635156 0.882682 0.642448 0.904557 0.0811
0 0.638680 0.908034 0.632943 0.874569 0.647074 0.872146 0.652811 0.905612 0.5302
0 0.442708 0.813151 0.427083 0.813151 0.427083 0.787109 0.442708 0.787109 0.1779
0 0.857702 0.855298 0.824369 0.845621 0.836751 0.802971 0.870085 0.812648 0.0913
0 0.642839 0.910026 0.628125 0.880599 0.641146 0.874089 0.655859 0.903516 0.4729
0 0.442708 0.816406 0.426432 0.816406 0.426432 0.784505 0.442708 0.784505 0.0773
0 0.847005 0.815755 0.828776 0.797526 0.856771 0.769531 0.875000 0.787760 0.0919
0 0.910762 0.856650 0.900817 0.768570 0.921938 0.766185 0.931883 0.854265 0.1616
0 0.634766 0.893880 0.621094 0.893880 0.621094 0.871745 0.634766 0.871745 0.1190
0 0.621970 0.890284 0.614622 0.880180 0.622519 0.874437 0.629867 0.884540 0.1756
0 0.638146 0.908178 0.631811 0.876502 0.644206 0.874023 0.650541 0.905699 0.3235
0 0.839844 0.770833 0.811849 0.770833 0.811849 0.741536 0.839844 0.741536 0.1140
0 0.616048 0.978926 0.582612 0.939121 0.610217 0.915933 0.643653 0.955738 0.2333
0 0.722099 0.883717 0.702769 0.869026 0.732502 0.829904 0.751832 0.844595 0.0741
0 0.626072 0.905331 0.618681 0.875766 0.633387 0.872089 0.640778 0.901654 0.0764
0 0.827096 0.769618 0.817117 0.715449 0.844691 0.710370 0.854669 0.764539 0.0938
0 0.797771 0.857326 0.773694 0.846792 0.787530 0.815166 0.811608 0.825700 0.0906
0 0.628220 0.910623 0.619779 0.892334 0.630926 0.887189 0.639367 0.905478 0.0856
0 0.607422 0.895833 0.604167 0.895833 0.604167 0.886719 0.607422 0.886719 0.0559
0 0.635938 0.895573 0.625000 0.873698 0.635938 0.868229 0.646875 0.890104 0.1175
0 0.614984 0.922576 0.607622 0.885767 0.621144 0.883063 0.628506 0.919872 0.2008
0 0.614984 0.922576 0.607697 0.886143 0.620593 0.883564 0.627880 0.919997 0.8007
0 0.822811 0.800013 0.811079 0.778015 0.839936 0.762624 0.851668 0.784622 0.1061
0 0.720079 0.874628 0.705377 0.854464 0.739416 0.829644 0.754118 0.849807 0.0572
0 0.736979 0.891927 0.719401 0.891927 0.719401 0.839193 0.736979 0.839193 0.2380
0 0.634801 0.907959 0.625761 0.875672 0.637328 0.872433 0.646368 0.904720 0.3662
0 0.616541 0.966304 0.615556 0.933781 0.633512 0.933237 0.634497 0.965759 0.0582
0 0.910121 0.855656 0.905672 0.796698 0.924775 0.795256 0.929224 0.854214 0.2737
0 0.442708 0.809245 0.427734 0.809245 0.427734 0.783854 0.442708 0.783854 0.0869
0 0.758155 0.832120 0.744010 0.826226 0.753583 0.803251 0.767728 0.809145 0.1012
0 0.653736 0.901266 0.644711 0.878704 0.653691 0.875112 0.662715 0.897674 0.0806
0 0.644416 0.908395 0.636412 0.876379 0.652037 0.872473 0.660041 0.904489 0.1476
0 0.654103 0.899880 0.651235 0.882672 0.658414 0.881475 0.661282 0.898684 0.1115
0 0.654344 0.896753 0.645404 0.876638 0.652411 0.873523 0.661351 0.893639 0.0506
0 0.651471 0.905352 0.647995 0.881016 0.657018 0.879727 0.660495 0.904063 0.1248
0 0.889974 0.820312 0.863281 0.820312 0.863281 0.795573 0.889974 0.795573 0.0895
0 0.607240 0.962917 0.590052 0.950026 0.597943 0.939505 0.615130 0.952396 0.0521
0 0.443359 0.788411 0.429036 0.788411 0.429036 0.766927 0.443359 0.766927 0.2270
0 0.826411 0.770528 0.820319 0.720268 0.840948 0.717768 0.847040 0.768028 0.1213
0 0.929688 0.856120 0.912109 0.856120 0.912109 0.826823 0.929688 0.826823 0.1040
0 0.686624 0.931816 0.675956 0.878480 0.701623 0.873347 0.712290 0.926683 0.1327
0 0.634766 0.964193 0.623698 0.964193 0.623698 0.938802 0.634766 0.938802 0.0514
0 0.801432 0.838542 0.788361 0.829828 0.804487 0.805639 0.817558 0.814353 0.0628
0 0.823488 0.750661 0.818830 0.713402 0.839343 0.710837 0.844000 0.748097 0.1036
0 0.851351 0.773944 0.826384 0.772904 0.827832 0.738160 0.852799 0.739201 0.0862
0 0.823726 0.747044 0.818271 0.714316 0.835797 0.711395 0.841251 0.744123 0.1925
0 0.827354 0.763505 0.819394 0.714754 0.846494 0.710330 0.854454 0.759081 0.0511
0 0.627558 0.890665 0.617274 0.889980 0.618386 0.873301 0.628670 0.873986 0.0506
0 0.855422 0.821898 0.830307 0.808680 0.850883 0.769585 0.875998 0.782803 0.0991
0 0.855926 0.797659 0.836721 0.769725 0.862086 0.752286 0.881291 0.780221 0.0564
0 0.826378 0.771389 0.822615 0.737519 0.841336 0.735439 0.845100 0.769309 0.1249
0 0.694144 0.994908 0.688145 0.945911 0.711079 0.943103 0.717078 0.992100 0.1783
0 0.654477 0.896668 0.647109 0.877723 0.653833 0.875108 0.661200 0.894053 0.0672
0 0.654226 0.909276 0.639974 0.906901 0.643440 0.886103 0.657693 0.888478 0.1136
0 0.814312 0.769022 0.801817 0.715470 0.817541 0.711801 0.830036 0.765353 0.1264
0 0.626413 0.908265 0.617740 0.877911 0.631498 0.873980 0.640171 0.904334 0.1619
0 0.867839 0.807943 0.817708 0.807943 0.817708 0.770833 0.867839 0.770833 0.0945
0 0.815890 0.771207 0.803619 0.715430 0.834817 0.708567 0.847088 0.764344 0.1051
0 0.630434 0.908028 0.623798 0.874850 0.637445 0.872120 0.644080 0.905298 0.3634
0 0.837240 0.742839 0.805339 0.742839 0.805339 0.712891 0.837240 0.712891 0.0926
0 0.606875 0.945391 0.603281 0.920234 0.612031 0.918984 0.615625 0.944141 0.0961
0 0.663693 0.948304 0.653945 0.889816 0.676960 0.885980 0.686708 0.944468 0.1371
0 0.807385 0.748637 0.803396 0.714066 0.818272 0.712350 0.822261 0.746921 0.1412
0 0.442708 0.810547 0.427083 0.810547 0.427083 0.781250 0.442708 0.781250 0.0850
0 0.829177 0.767628 0.818835 0.715920 0.846129 0.710462 0.856470 0.762170 0.0527
0 0.657552 0.893880 0.654297 0.893880 0.654297 0.884115 0.657552 0.884115 0.0884
0 0.654634 0.896632 0.644793 0.875719 0.651660 0.872488 0.661501 0.893401 0.0870
0 0.668497 1.000000 0.654451 0.891119 0.679567 0.887935 0.693612 0.998739 0.1218
0 0.849870 0.804818 0.845933 0.773327 0.866046 0.770813 0.869982 0.802304 0.1896
0 0.624355 0.903059 0.621358 0.873086 0.637086 0.871513 0.640084 0.901486 0.2660
0 0.694403 0.994872 0.678450 0.879212 0.704578 0.875608 0.720531 0.991268 0.2129
0 0.652192 0.899014 0.636725 0.872500 0.645955 0.867117 0.661421 0.893631 0.1269
0 0.617839 0.977865 0.604167 0.977865 0.604167 0.919922 0.617839 0.919922 0.1721
0 0.653906 0.898958 0.641276 0.873698 0.649609 0.869531 0.662240 0.894792 0.0844
0 0.828860 0.800116 0.811467 0.781808 0.838998 0.755654 0.856390 0.773962 0.0905
0 0.762219 0.860733 0.744279 0.812038 0.764342 0.804646 0.782282 0.853341 0.8843
0 0.666228 1.000000 0.662993 0.949042 0.689299 0.947397 0.692534 0.999156 0.0596
0 0.839193 0.744792 0.804688 0.744792 0.804688 0.712891 0.839193 0.712891 0.0874
0 0.813837 0.752950 0.803816 0.716206 0.834115 0.707943 0.844136 0.744686 0.0996
0 0.785762 0.856659 0.767399 0.810749 0.788277 0.802398 0.806641 0.848307 0.1706
0 0.859191 0.847596 0.837206 0.845010 0.841397 0.809389 0.863381 0.811976 0.1133
0 0.629732 0.909572 0.615906 0.878463 0.631551 0.871510 0.645377 0.902619 0.5578
0 0.663090 0.721800 0.657124 0.705890 0.682381 0.696418 0.688347 0.712329 0.0733
0 0.615311 0.979511 0.582233 0.938801 0.607724 0.918090 0.640801 0.958801 0.3612
0 0.925781 0.828125 0.907552 0.828125 0.907552 0.796224 0.925781 0.796224 0.1224
0 0.911719 0.814974 0.905469 0.802474 0.921875 0.794271 0.928125 0.806771 0.0643
0 0.786480 0.856915 0.767509 0.810844 0.788105 0.802363 0.807076 0.848435 0.8506
0 0.694069 0.994628 0.688216 0.945852 0.711013 0.943116 0.716866 0.991893 0.2184
0 0.647792 0.910894 0.634149 0.898956 0.643465 0.888309 0.657109 0.900247 0.1459
0 0.629839 0.732158 0.625792 0.707876 0.655986 0.702843 0.660033 0.727126 0.0658
