0 0.973117 0.188953 0.939271 0.000383 0.993578 0.000000 1.000000 0.179206 0.0584
0 0.551083 0.943553 0.534736 0.909499 0.651124 0.853633 0.667470 0.887687 0.1100
0 0.867273 1.000000 0.687611 0.665089 0.789197 0.616551 0.968858 0.992563 0.1076
0 0.999349 0.184896 0.940755 0.184896 0.940755 0.000000 0.999349 0.000000 0.8638
0 0.869526 1.000000 0.685919 0.664693 0.789117 0.615203 0.972725 0.998067 0.9590
0 0.551315 0.944384 0.534439 0.909696 0.651012 0.852985 0.667888 0.887673 0.9430
0 0.999349 0.184245 0.941406 0.184245 0.941406 0.000000 0.999349 0.000000 0.0725
0 0.502250 1.000000 0.496790 0.938690 0.557135 0.933661 0.562594 0.999178 0.8544
0 0.839557 1.000000 0.560900 0.994309 0.563413 0.877610 0.842070 0.883612 0.0679
0 0.503399 1.000000 0.496198 0.939244 0.555535 0.932794 0.562735 0.999040 0.0997
0 0.839844 0.999349 0.567057 0.999349 0.567057 0.881510 0.839844 0.881510 0.0530
0 0.870267 1.000000 0.687692 0.665528 0.789077 0.616981 0.971653 0.998271 0.1512
0 0.564901 0.980269 0.548008 0.942388 0.663016 0.891100 0.679909 0.928981 0.9391
0 0.564884 0.979780 0.548273 0.942159 0.662988 0.891505 0.679600 0.929126 0.1267
0 0.973625 0.188922 0.939364 0.000490 0.993276 0.000000 1.000000 0.179120 0.0601
0 0.562500 0.999349 0.488932 0.999349 0.488932 0.937500 0.562500 0.937500 0.1176
