0 0.985727 0.083734 0.968199 0.057442 0.979918 0.049629 0.997446 0.075921 0.6604
0 0.583854 0.254818 0.575781 0.250781 0.585677 0.230990 0.593750 0.235026 0.0521
0 0.850000 0.012500 0.844792 0.002083 0.851563 0.000000 0.856771 0.009115 0.0720
0 0.832031 0.007812 0.815104 0.007812 0.815104 0.000000 0.832031 0.000000 0.0559
0 0.830729 0.007812 0.815104 0.007812 0.815104 0.000000 0.830729 0.000000 0.0950
0 0.831380 0.007812 0.815104 0.007812 0.815104 0.000000 0.831380 0.000000 0.0508
0 0.826823 0.007161 0.815104 0.007161 0.815104 0.000000 0.826823 0.000000 0.1591
0 0.855469 0.014974 0.833984 0.014974 0.833984 0.000000 0.855469 0.000000 0.0502
0 0.985422 0.082586 0.967870 0.058013 0.979633 0.049611 0.997185 0.074184 0.1999
0 0.856120 0.013672 0.846354 0.013672 0.846354 0.000000 0.856120 0.000000 0.0679
0 0.985781 0.082480 0.980069 0.072198 0.986095 0.068851 0.991807 0.079132 0.0610
0 0.832126 0.016298 0.823860 0.003072 0.831234 0.000000 0.839500 0.011690 0.0669
0 0.988932 0.083984 0.983724 0.083984 0.983724 0.076172 0.988932 0.076172 0.0636
0 0.476306 0.319224 0.469956 0.311603 0.483020 0.300717 0.489370 0.308338 0.0665
0 0.460612 0.312174 0.451823 0.303385 0.465495 0.289714 0.474284 0.298503 0.0666
0 0.735294 0.379136 0.721507 0.375689 0.724533 0.363588 0.738320 0.367034 0.0506
0 0.583984 0.231120 0.571615 0.231120 0.571615 0.220052 0.583984 0.220052 0.0728
0 0.855469 0.014974 0.815755 0.014974 0.815755 0.000000 0.855469 0.000000 0.4201
0 0.828125 0.007812 0.814453 0.007812 0.814453 0.000000 0.828125 0.000000 0.0516
0 0.031383 0.734403 0.012576 0.730373 0.016159 0.713656 0.034966 0.717686 0.0508
0 0.648390 0.281235 0.627201 0.274454 0.637821 0.241264 0.659011 0.248045 0.0509
0 0.986178 0.083433 0.977764 0.070813 0.984675 0.066206 0.993089 0.078826 0.1029
0 0.452474 0.354818 0.445313 0.347656 0.457682 0.335286 0.464844 0.342448 0.0663
0 0.651892 0.519125 0.642540 0.513174 0.656238 0.491647 0.665590 0.497599 0.0682
0 0.649414 0.227539 0.647461 0.225586 0.649740 0.223307 0.651693 0.225260 0.0548
0 0.237831 0.725546 0.222108 0.713960 0.243692 0.684668 0.259415 0.696253 0.0553
0 0.830078 0.007161 0.815104 0.007161 0.815104 0.000000 0.830078 0.000000 0.2137
0 0.583594 0.255339 0.575260 0.251172 0.585286 0.231120 0.593620 0.235286 0.0517
0 0.855469 0.013021 0.847656 0.013021 0.847656 0.000000 0.855469 0.000000 0.0884
0 0.986003 0.069336 0.975586 0.058919 0.981445 0.053060 0.991862 0.063477 0.0803
0 0.989847 0.083507 0.963580 0.082413 0.964835 0.052300 0.991102 0.053394 0.0729
0 0.957127 0.172120 0.940339 0.170594 0.943925 0.131148 0.960713 0.132674 0.0728
0 0.830729 0.007812 0.815104 0.007812 0.815104 0.000000 0.830729 0.000000 0.0658
0 0.830729 0.007812 0.815104 0.007812 0.815104 0.000000 0.830729 0.000000 0.0921
0 0.832031 0.007812 0.815104 0.007812 0.815104 0.000000 0.832031 0.000000 0.0630
0 0.855469 0.013672 0.845703 0.013672 0.845703 0.000000 0.855469 0.000000 0.1756
0 0.027344 0.010417 0.000000 0.010417 0.000000 0.000000 0.027344 0.000000 0.0508
0 0.827474 0.007812 0.814453 0.007812 0.814453 0.000000 0.827474 0.000000 0.0660
0 0.827474 0.007812 0.814453 0.007812 0.814453 0.000000 0.827474 0.000000 0.0503
0 0.977930 0.072461 0.971745 0.053906 0.983659 0.049935 0.989844 0.068490 0.1162
0 0.836589 0.014974 0.817057 0.014974 0.817057 0.000000 0.836589 0.000000 0.0574
0 0.670049 0.739015 0.649639 0.738199 0.650672 0.712355 0.671082 0.713171 0.0646
0 0.973217 0.081625 0.963182 0.072593 0.970757 0.064176 0.980792 0.073208 0.0589
0 0.855469 0.013672 0.838542 0.013672 0.838542 0.000000 0.855469 0.000000 0.1365
0 0.855469 0.013021 0.847005 0.013021 0.847005 0.000000 0.855469 0.000000 0.1409
0 0.984308 0.082525 0.978448 0.068853 0.985991 0.065621 0.991851 0.079292 0.1177
0 0.965491 0.258858 0.924232 0.256357 0.926730 0.215138 0.967989 0.217639 0.0510
0 0.298347 0.496284 0.289724 0.491356 0.297937 0.476983 0.306560 0.481911 0.0674
0 0.830729 0.007812 0.815104 0.007812 0.815104 0.000000 0.830729 0.000000 0.0568
0 0.027344 0.010417 0.000000 0.010417 0.000000 0.000000 0.027344 0.000000 0.1149
0 0.856120 0.014323 0.835286 0.014323 0.835286 0.000000 0.856120 0.000000 0.0903
0 0.855469 0.014323 0.815104 0.014323 0.815104 0.000000 0.855469 0.000000 0.0687
0 0.832682 0.007161 0.815104 0.007161 0.815104 0.000000 0.832682 0.000000 0.2525
0 0.254908 0.527438 0.247149 0.520541 0.259829 0.506277 0.267587 0.513173 0.0718
0 0.830078 0.007812 0.815104 0.007812 0.815104 0.000000 0.830078 0.000000 0.0561
0 0.855469 0.013021 0.846354 0.013021 0.846354 0.000000 0.855469 0.000000 0.1586
0 0.855469 0.013021 0.846354 0.013021 0.846354 0.000000 0.855469 0.000000 0.0708
0 0.984976 0.083584 0.969551 0.060447 0.980669 0.053035 0.996094 0.076172 0.1378
0 0.982188 0.156589 0.967891 0.137526 0.981953 0.126979 0.996250 0.146042 0.1334
0 0.972478 0.089585 0.963622 0.065969 0.971541 0.062999 0.980397 0.086615 0.0606
0 0.853478 0.354922 0.845271 0.351938 0.852095 0.333172 0.860302 0.336156 0.0586
