0 0.237630 0.999349 0.207031 0.999349 0.207031 0.957031 0.237630 0.957031 0.1112
0 0.302071 1.000000 0.285807 0.945964 0.306100 0.940166 0.322364 0.997089 0.2198
0 0.828184 0.922916 0.808132 0.854166 0.827482 0.848522 0.847534 0.917272 0.7705
0 0.578701 0.961031 0.560666 0.960740 0.562230 0.863760 0.580265 0.864051 0.2242
0 0.219401 0.878906 0.210938 0.878906 0.210938 0.834635 0.219401 0.834635 0.0759
0 0.647797 0.995852 0.628694 0.993262 0.638119 0.923753 0.657222 0.926343 0.1195
0 0.306924 0.902773 0.305151 0.879722 0.313316 0.879094 0.315089 0.902145 0.1966
0 0.272331 0.890690 0.258938 0.889660 0.263220 0.834000 0.276612 0.835030 0.2189
0 0.218255 0.939896 0.209844 0.881016 0.223789 0.879023 0.232201 0.937904 0.7216
0 0.235648 0.905608 0.193674 0.862363 0.225926 0.831060 0.267899 0.874305 0.0855
0 0.411070 1.000000 0.381431 0.920886 0.413031 0.909694 0.442670 0.993381 0.8452
0 0.680748 0.938924 0.664462 0.937761 0.668845 0.876411 0.685130 0.877575 0.8330
0 0.313362 1.000000 0.279429 0.997947 0.286501 0.946088 0.320434 0.950715 0.1450
0 0.861951 0.969674 0.853594 0.922321 0.866296 0.920079 0.874653 0.967433 0.0603
0 0.666016 0.942708 0.640625 0.942708 0.640625 0.862630 0.666016 0.862630 0.0980
0 0.111328 0.957682 0.053516 0.842057 0.085547 0.826042 0.143359 0.941667 0.0913
0 0.251693 1.000000 0.238607 0.962565 0.253060 0.957747 0.266146 0.997005 0.0653
0 0.196615 0.925130 0.189844 0.911588 0.198177 0.907422 0.204948 0.920964 0.0699
0 0.808459 1.000000 0.806625 0.983581 0.813484 0.982819 0.815319 0.999325 0.0640
0 0.662109 0.928385 0.641276 0.928385 0.641276 0.857422 0.662109 0.857422 0.1249
0 0.216902 0.939265 0.209544 0.884083 0.223660 0.882201 0.231017 0.937383 0.1380
0 0.680703 0.938750 0.662422 0.937734 0.665940 0.874417 0.684221 0.875433 0.1334
0 0.852640 0.860809 0.834395 0.859796 0.834798 0.852548 0.853043 0.853562 0.1680
0 0.255859 0.867839 0.234375 0.867839 0.234375 0.825521 0.255859 0.825521 0.3056
0 0.259115 0.869141 0.248047 0.869141 0.248047 0.824219 0.259115 0.824219 0.5776
0 0.290365 0.904948 0.284115 0.892448 0.289323 0.889844 0.295573 0.902344 0.1036
0 0.855548 0.912824 0.849816 0.861233 0.862321 0.859844 0.868053 0.911435 0.1553
0 0.523457 0.968348 0.507372 0.941540 0.517521 0.935451 0.533605 0.962259 0.1548
0 0.635417 0.912760 0.599609 0.912760 0.599609 0.857422 0.635417 0.857422 0.8249
0 0.367194 0.974202 0.365674 0.913433 0.378313 0.913117 0.379832 0.973886 0.6939
0 0.813011 0.953312 0.800308 0.952939 0.801356 0.917315 0.814059 0.917689 0.1193
0 0.257812 0.868490 0.246094 0.868490 0.246094 0.824219 0.257812 0.824219 0.3453
0 0.389323 0.879557 0.379557 0.879557 0.379557 0.843099 0.389323 0.843099 0.1112
0 0.669922 0.999349 0.649740 0.999349 0.649740 0.938802 0.669922 0.938802 0.1135
0 0.828317 0.922641 0.822151 0.897978 0.838542 0.893880 0.844708 0.918543 0.1295
0 0.287570 0.924259 0.281320 0.874259 0.312330 0.870383 0.318580 0.920383 0.0974
0 0.380130 0.894289 0.360193 0.884099 0.382813 0.839844 0.402749 0.850034 0.2046
0 0.525571 0.969173 0.505080 0.943952 0.515423 0.935548 0.535915 0.960769 0.0678
0 0.407340 0.995814 0.382097 0.921571 0.413716 0.910821 0.438958 0.985064 0.1701
0 0.645182 0.999349 0.598958 0.999349 0.598958 0.914062 0.645182 0.914062 0.0838
0 0.110938 0.959505 0.051953 0.841537 0.086068 0.824479 0.145052 0.942448 0.9457
0 0.350911 0.922526 0.339193 0.922526 0.339193 0.870443 0.350911 0.870443 0.5113
0 0.217026 0.938873 0.207524 0.881862 0.222832 0.879311 0.232334 0.936321 0.1751
0 0.343750 0.881510 0.333333 0.881510 0.333333 0.832682 0.343750 0.832682 0.5587
0 0.572787 0.962630 0.555469 0.927995 0.571094 0.920182 0.588412 0.954818 0.4116
0 0.242188 0.907552 0.228516 0.907552 0.228516 0.863932 0.242188 0.863932 0.2232
0 0.226881 0.881634 0.225198 0.832819 0.241454 0.832259 0.243138 0.881073 0.2526
0 0.318425 0.971810 0.312956 0.969987 0.313997 0.966862 0.319466 0.968685 0.0708
0 0.194661 0.927083 0.188346 0.908138 0.200456 0.904102 0.206771 0.923047 0.1071
0 0.474020 0.934511 0.472792 0.838715 0.503586 0.838320 0.504814 0.934116 0.0834
0 0.352214 0.921224 0.338542 0.921224 0.338542 0.860026 0.352214 0.860026 0.0830
0 0.815755 0.951823 0.800130 0.951823 0.800130 0.891927 0.815755 0.891927 0.8254
0 0.305829 1.000000 0.263774 0.975699 0.290742 0.943151 0.332796 0.977996 0.0997
0 0.411608 0.847237 0.410833 0.832510 0.430583 0.831470 0.431358 0.846198 0.1778
0 0.814453 0.999349 0.807943 0.999349 0.807943 0.982422 0.814453 0.982422 0.0786
0 0.405438 0.879647 0.376697 0.877378 0.379530 0.841486 0.408271 0.843755 0.2079
0 0.807837 0.999821 0.806664 0.983397 0.813604 0.982901 0.814777 0.999326 0.2631
0 0.219814 0.937996 0.202807 0.857215 0.226464 0.852234 0.243471 0.933015 0.0686
0 0.524339 0.968149 0.506510 0.941406 0.515976 0.935096 0.533804 0.961839 0.0936
0 0.242188 0.906250 0.229167 0.906250 0.229167 0.843099 0.242188 0.843099 0.5480
0 0.796875 0.944661 0.778646 0.944661 0.778646 0.888672 0.796875 0.888672 0.8582
0 0.391276 0.915365 0.374349 0.915365 0.374349 0.877604 0.391276 0.877604 0.2742
0 0.352214 0.921224 0.339193 0.921224 0.339193 0.863932 0.352214 0.863932 0.1610
0 0.211388 1.000000 0.196965 0.983924 0.207632 0.976813 0.222055 0.998447 0.0619
0 0.374014 0.897416 0.353957 0.884439 0.382900 0.839709 0.402957 0.852687 0.1810
0 0.714316 1.000000 0.686045 0.989761 0.727532 0.891852 0.755803 0.903832 0.0810
0 0.523407 0.968209 0.508183 0.941567 0.518139 0.935878 0.533363 0.962520 0.5180
0 0.352865 0.909505 0.338542 0.909505 0.338542 0.860026 0.352865 0.860026 0.2529
0 0.390625 0.915365 0.374349 0.915365 0.374349 0.845703 0.390625 0.845703 0.3945
0 0.168416 0.895151 0.154039 0.889161 0.176324 0.835676 0.190701 0.841666 0.7228
0 0.302784 1.000000 0.261071 0.979765 0.288617 0.944057 0.330330 0.976236 0.1248
0 0.808631 1.000000 0.806833 0.982950 0.813510 0.982247 0.815308 0.999328 0.0669
0 0.341193 0.900153 0.320656 0.899072 0.323201 0.850721 0.343737 0.851802 0.1036
0 0.167800 0.893702 0.149181 0.885109 0.173590 0.832222 0.192210 0.840815 0.0544
0 0.225085 0.866962 0.218199 0.832532 0.235852 0.829001 0.242738 0.863432 0.2539
0 0.817057 0.951823 0.800130 0.951823 0.800130 0.893880 0.817057 0.893880 0.1821
0 0.619193 0.935911 0.610391 0.874297 0.640287 0.870026 0.649089 0.931641 0.0865
0 0.815104 0.999349 0.807943 0.999349 0.807943 0.982422 0.815104 0.982422 0.0684
0 0.219325 0.867365 0.203921 0.863424 0.212689 0.829149 0.228094 0.833089 0.1461
0 0.242783 0.905853 0.228780 0.905353 0.230825 0.848111 0.244827 0.848611 0.2423
0 0.389089 0.915457 0.371983 0.914533 0.375970 0.840776 0.393076 0.841701 0.4343
0 0.375130 0.907292 0.352995 0.896224 0.380859 0.840495 0.402995 0.851563 0.2166
0 0.635643 0.999886 0.598111 0.999346 0.600120 0.859715 0.637652 0.860255 0.6894
0 0.308807 1.000000 0.291181 0.956514 0.312636 0.948118 0.330262 0.993163 0.1334
0 0.648211 0.996067 0.629702 0.993890 0.636817 0.933414 0.655326 0.935591 0.8487
0 0.289073 1.000000 0.258779 0.975945 0.277723 0.955649 0.308017 0.983923 0.1699
0 0.353516 0.886068 0.337891 0.886068 0.337891 0.852865 0.353516 0.852865 0.2863
0 0.281717 1.000000 0.261560 0.965341 0.282968 0.954982 0.303125 0.996640 0.1424
0 0.351562 0.922526 0.337240 0.922526 0.337240 0.851562 0.351562 0.851562 0.4742
0 0.375651 0.896484 0.357212 0.885948 0.382853 0.841076 0.401292 0.851613 0.2545
0 0.310279 0.924249 0.293581 0.920075 0.306181 0.869677 0.322878 0.873851 0.0945
0 0.636719 0.911458 0.598958 0.911458 0.598958 0.858073 0.636719 0.858073 0.1349
0 0.218056 0.873387 0.203483 0.870188 0.212338 0.829846 0.226912 0.833045 0.1609
0 0.553385 0.921875 0.533203 0.921875 0.533203 0.852214 0.553385 0.852214 0.1276
0 0.212758 0.906441 0.210050 0.830621 0.239565 0.829567 0.242273 0.905387 0.3174
0 0.388672 0.911458 0.370443 0.911458 0.370443 0.861328 0.388672 0.861328 0.1569
0 0.506510 0.934896 0.474609 0.934896 0.474609 0.834635 0.506510 0.834635 0.8933
0 0.063787 0.744660 0.003288 0.739820 0.005669 0.710063 0.066167 0.714903 0.2246
0 0.241846 0.905155 0.222451 0.904567 0.224423 0.839483 0.243818 0.840071 0.2026
0 0.854887 0.911718 0.848594 0.858231 0.862986 0.856538 0.869278 0.910025 0.6548
0 0.314453 0.915365 0.300130 0.915365 0.300130 0.869141 0.314453 0.869141 0.1845
0 0.312913 0.924224 0.299863 0.923774 0.301714 0.870093 0.314764 0.870543 0.7053
0 0.713779 1.000000 0.685110 0.993957 0.728149 0.891739 0.756818 0.903810 0.9448
0 0.524339 0.968800 0.506711 0.942358 0.516927 0.935547 0.534555 0.961989 0.1275
0 0.541667 0.910156 0.537760 0.910156 0.537760 0.863281 0.541667 0.863281 0.0675
0 0.495491 0.932032 0.483585 0.834558 0.503045 0.832181 0.514950 0.929656 0.1264
0 0.389323 0.910807 0.371094 0.910807 0.371094 0.847005 0.389323 0.847005 0.0781
0 0.807292 0.932943 0.779948 0.932943 0.779948 0.888021 0.807292 0.888021 0.0700
0 0.253784 0.998338 0.229151 0.969600 0.244324 0.956595 0.268957 0.985332 0.2064
0 0.391927 0.876302 0.379557 0.876302 0.379557 0.846354 0.391927 0.846354 0.0635
0 0.271596 0.890276 0.259734 0.888958 0.265585 0.836295 0.277447 0.837613 0.6364
0 0.681641 0.909505 0.665365 0.909505 0.665365 0.874349 0.681641 0.874349 0.1068
0 0.268823 0.894954 0.257042 0.893805 0.261991 0.843078 0.273772 0.844227 0.1498
0 0.340495 0.867839 0.333984 0.867839 0.333984 0.832682 0.340495 0.832682 0.0834
0 0.646041 0.929852 0.642071 0.864358 0.661177 0.863200 0.665147 0.928695 0.8350
0 0.863017 0.968927 0.851550 0.920193 0.864795 0.917077 0.876261 0.965811 0.0903
0 0.667866 1.000000 0.649125 0.999290 0.654135 0.946692 0.672876 0.948477 0.8189
0 0.696595 0.944079 0.677941 0.941456 0.687392 0.874252 0.706045 0.876875 0.8123
0 0.416273 0.888375 0.413263 0.846225 0.431122 0.844950 0.434132 0.887099 0.7137
0 0.345595 0.903505 0.324299 0.898987 0.332004 0.862664 0.353300 0.867181 0.1562
0 0.844651 0.951222 0.842167 0.931350 0.848738 0.930529 0.851222 0.950401 0.1696
0 0.221354 0.880208 0.210286 0.880208 0.210286 0.832682 0.221354 0.832682 0.4244
0 0.452474 0.866537 0.447266 0.861328 0.452800 0.855794 0.458008 0.861003 0.0638
0 0.390641 0.879381 0.376788 0.878122 0.380288 0.839614 0.394142 0.840874 0.3269
0 0.386422 0.911819 0.366375 0.909815 0.370114 0.872428 0.390161 0.874433 0.1543
0 0.272486 0.854617 0.266316 0.853846 0.268450 0.836779 0.274619 0.837550 0.0839
0 0.367877 0.975487 0.366341 0.914067 0.379647 0.913735 0.381182 0.975155 0.1590
0 0.544922 0.919922 0.533854 0.919922 0.533854 0.854167 0.544922 0.854167 0.6910
0 0.525498 0.968581 0.505902 0.944464 0.515608 0.936578 0.535204 0.960695 0.1204
0 0.242188 0.906901 0.227865 0.906901 0.227865 0.864583 0.242188 0.864583 0.2989
0 0.373335 0.890416 0.355040 0.876963 0.382876 0.839106 0.401171 0.852558 0.1978
0 0.263389 0.891315 0.244082 0.880160 0.269620 0.835960 0.288927 0.847115 0.1381
0 0.242188 0.994141 0.233073 0.994141 0.233073 0.974609 0.242188 0.974609 0.2468
0 0.814792 0.883229 0.809492 0.846133 0.820521 0.844557 0.825820 0.881654 0.1288
0 0.170488 0.893517 0.155255 0.886853 0.177922 0.835043 0.193154 0.841707 0.1521
0 0.861208 0.968503 0.852832 0.921038 0.864160 0.919039 0.872536 0.966504 0.6061
0 0.523458 0.968679 0.508381 0.941037 0.518918 0.935290 0.533995 0.962932 0.1662
0 0.525926 0.968416 0.506013 0.945440 0.515407 0.937298 0.535320 0.960275 0.1341
0 0.798828 0.942708 0.779297 0.942708 0.779297 0.886068 0.798828 0.886068 0.0953
0 0.229637 0.934661 0.196215 0.926509 0.213915 0.853940 0.247337 0.862092 0.0863
0 0.411725 0.849197 0.410801 0.832574 0.430561 0.831476 0.431484 0.848099 0.2439
0 0.695996 0.941449 0.677984 0.938800 0.687493 0.874137 0.705505 0.876786 0.2253
0 0.248550 1.000000 0.237102 0.962669 0.254729 0.957633 0.266178 0.997703 0.7360
0 0.257812 0.867839 0.245443 0.867839 0.245443 0.824219 0.257812 0.824219 0.2867
0 0.217287 0.938931 0.206980 0.881503 0.226516 0.877996 0.236824 0.935425 0.0811
0 0.525240 0.968650 0.505539 0.943319 0.515410 0.935642 0.535111 0.960973 0.1442
0 0.524489 0.969351 0.506460 0.942308 0.517127 0.935196 0.535156 0.962240 0.1484
0 0.236328 0.882161 0.209635 0.882161 0.209635 0.832031 0.236328 0.832031 0.1012
0 0.416988 0.887875 0.411370 0.833567 0.429717 0.831669 0.435335 0.885977 0.2767
0 0.826418 0.922702 0.817128 0.866959 0.835286 0.863932 0.844577 0.919676 0.2787
0 0.862062 0.969655 0.853483 0.921038 0.867448 0.918574 0.876027 0.967190 0.0573
0 0.861472 0.966568 0.858679 0.933055 0.865468 0.932489 0.868261 0.966002 0.1472
0 0.576513 0.959090 0.557803 0.958540 0.560535 0.865655 0.579245 0.866205 0.0661
0 0.648478 0.940791 0.643822 0.861638 0.659546 0.860713 0.664202 0.939866 0.0554
0 0.223559 0.886349 0.208321 0.882866 0.214140 0.857410 0.229378 0.860893 0.0806
0 0.261068 0.999349 0.239583 0.999349 0.239583 0.960286 0.261068 0.960286 0.1486
0 0.862718 0.969130 0.851284 0.919585 0.865549 0.916293 0.876982 0.965838 0.0787
0 0.535831 0.921361 0.533801 0.854366 0.556251 0.853685 0.558281 0.920681 0.1171
0 0.239871 0.904835 0.216432 0.903393 0.220822 0.832048 0.244261 0.833491 0.1480
0 0.267791 0.890774 0.260813 0.889744 0.268097 0.840379 0.275074 0.841409 0.0948
0 0.579912 0.901852 0.565567 0.901526 0.566482 0.861271 0.580827 0.861597 0.1018
0 0.367839 0.895182 0.356771 0.895182 0.356771 0.834635 0.367839 0.834635 0.6262
0 0.632023 1.000000 0.597952 0.999296 0.600730 0.913175 0.634801 0.914274 0.4300
0 0.808438 0.999779 0.807265 0.983354 0.813604 0.982901 0.814777 0.999326 0.0654
0 0.578776 0.961589 0.559896 0.961589 0.559896 0.863281 0.578776 0.863281 0.6411
0 0.231913 0.876917 0.209751 0.875334 0.213056 0.829067 0.235218 0.830650 0.3691
0 0.310151 0.915245 0.300411 0.913770 0.306405 0.874215 0.316144 0.875690 0.0523
0 0.578776 0.926432 0.565755 0.926432 0.565755 0.861979 0.578776 0.861979 0.4341
0 0.524189 0.968249 0.506560 0.941807 0.516326 0.935296 0.533954 0.961739 0.1189
0 0.274089 0.841797 0.272786 0.841797 0.272786 0.836589 0.274089 0.836589 0.1390
0 0.640625 0.908854 0.630859 0.908854 0.630859 0.866536 0.640625 0.866536 0.1695
0 0.216382 0.999722 0.215361 0.955823 0.231794 0.955441 0.232815 0.999340 0.7208
0 0.703594 0.913523 0.683990 0.881667 0.696086 0.874223 0.715690 0.906079 0.0758
0 0.710182 0.936811 0.693559 0.930766 0.715191 0.871279 0.731814 0.877324 0.8428
0 0.626652 0.999566 0.613999 0.906252 0.638519 0.902927 0.651172 0.996242 0.0645
0 0.223534 0.865132 0.215985 0.832419 0.233958 0.828271 0.241507 0.860984 0.2403
0 0.701823 0.906250 0.686849 0.906250 0.686849 0.874349 0.701823 0.874349 0.2136
0 0.825585 0.922616 0.816989 0.866747 0.835335 0.863925 0.843931 0.919794 0.3156
0 0.390625 0.915365 0.374349 0.915365 0.374349 0.877604 0.390625 0.877604 0.3172
0 0.316406 0.904948 0.302734 0.904948 0.302734 0.869792 0.316406 0.869792 0.2037
0 0.369792 0.893880 0.358073 0.893880 0.358073 0.836589 0.369792 0.836589 0.2527
0 0.390625 0.878255 0.378255 0.878255 0.378255 0.841146 0.390625 0.841146 0.0606
0 0.304851 1.000000 0.285399 0.945701 0.300928 0.940414 0.320380 0.997553 0.7877
0 0.273252 0.858746 0.264034 0.857272 0.268020 0.832362 0.277237 0.833837 0.2361
0 0.381678 0.874420 0.380624 0.857559 0.385812 0.857235 0.386866 0.874096 0.0722
0 0.861654 0.970378 0.853278 0.922913 0.866908 0.920507 0.875284 0.967972 0.0554
0 0.308360 1.000000 0.285753 0.947894 0.308053 0.938559 0.330660 0.992565 0.1787
0 0.364493 0.885577 0.337432 0.879083 0.348707 0.832101 0.375768 0.838596 0.1930
