0 0.813949 0.254302 0.718849 0.204728 0.846843 0.000000 0.941942 0.008764 0.0758
0 0.100911 0.214844 0.000000 0.214844 0.000000 0.000000 0.100911 0.000000 0.1330
0 0.938886 0.800574 0.933042 0.724602 0.986163 0.720515 0.992007 0.796488 0.0537
0 0.813369 0.253884 0.718596 0.204003 0.847618 0.000000 0.942391 0.008742 0.0964
0 0.166643 0.097442 0.163197 0.066430 0.176845 0.064914 0.180291 0.095925 0.0706
0 0.901877 0.375604 0.887394 0.369086 0.901427 0.337901 0.915910 0.344419 0.0688
0 0.289818 0.622631 0.263530 0.484935 0.364805 0.465601 0.391092 0.603296 0.0673
0 0.374253 1.000000 0.300774 0.666652 0.569577 0.614924 0.643056 0.996751 0.1182
0 0.133990 0.978982 0.057256 0.464120 0.180559 0.445743 0.257293 0.960605 0.1161
0 0.146182 0.639889 0.081972 0.486006 0.144431 0.459944 0.208641 0.613827 0.0560
0 0.191406 0.053385 0.173828 0.053385 0.173828 0.027344 0.191406 0.027344 0.1713
0 0.153219 1.000000 0.053367 0.465516 0.179088 0.442906 0.278939 0.998125 0.4858
0 0.419060 0.315349 0.369728 0.284654 0.381027 0.266496 0.430359 0.297191 0.0761
0 0.728768 1.000000 0.632443 0.634726 0.852596 0.582820 0.948920 0.991369 0.0945
0 0.220671 0.143575 0.207512 0.065814 0.229489 0.062095 0.242648 0.139856 0.0860
0 0.084792 0.652540 0.059518 0.462984 0.181524 0.446717 0.206798 0.636272 0.1760
0 0.917431 0.392573 0.882820 0.360847 0.903818 0.337940 0.938429 0.369666 0.0883
0 0.101562 0.215495 0.000000 0.215495 0.000000 0.000000 0.101562 0.000000 0.9453
0 0.302537 0.867986 0.300215 0.823872 0.319453 0.822859 0.321775 0.866974 0.0525
0 0.168171 1.000000 0.051266 0.467313 0.191493 0.437700 0.308398 0.991278 0.0536
0 0.161921 1.000000 0.098407 0.644879 0.198492 0.627394 0.262006 0.990957 0.0566
0 0.818099 0.256380 0.718880 0.206771 0.844010 0.000000 0.943229 0.006120 0.9274
0 0.960757 0.089067 0.942124 0.081691 0.969124 0.013481 0.987757 0.020856 0.1734
0 0.545268 0.509737 0.535836 0.485372 0.552512 0.478917 0.561943 0.503282 0.0507
0 0.272707 0.623309 0.229573 0.335440 0.361069 0.315737 0.404202 0.603606 0.0903
0 0.928832 0.977961 0.925409 0.889830 0.992252 0.887235 0.995674 0.975365 0.0617
0 0.561350 0.890642 0.530531 0.722103 0.581473 0.712788 0.612292 0.881327 0.0530
0 0.303563 0.895733 0.298224 0.824196 0.319126 0.822636 0.324464 0.894173 0.0941
0 0.075992 0.573525 0.067508 0.462021 0.165791 0.454543 0.174275 0.566047 0.0517
0 0.098958 0.211589 0.000000 0.211589 0.000000 0.000000 0.098958 0.000000 0.0563
0 0.916936 0.724521 0.915856 0.641380 0.980383 0.640542 0.981463 0.723683 0.0580
