0 0.994699 0.837383 0.982386 0.816546 0.993024 0.810260 1.000000 0.831097 0.1381
0 0.999349 0.724609 0.963542 0.724609 0.963542 0.695312 0.999349 0.695312 0.0683
0 0.876912 0.813798 0.865307 0.784339 0.872121 0.781654 0.883726 0.811114 0.0770
0 0.943317 0.890905 0.903902 0.876573 0.909985 0.859845 0.949399 0.874178 0.1039
0 0.918693 0.812167 0.898143 0.780058 0.913533 0.770209 0.934082 0.802318 0.0634
0 0.999349 0.776693 0.990234 0.776693 0.990234 0.757812 0.999349 0.757812 0.1663
0 0.967142 0.783931 0.965763 0.778416 0.978784 0.775161 0.980162 0.780676 0.1311
0 0.959635 0.707031 0.910156 0.707031 0.910156 0.687500 0.959635 0.687500 0.1134
0 0.867246 0.819625 0.845849 0.785390 0.862820 0.774784 0.884217 0.809018 0.0836
0 0.933764 0.810895 0.910574 0.768609 0.927576 0.759285 0.950765 0.801571 0.1714
0 0.975000 0.914017 0.903607 0.873085 0.914180 0.854642 0.985574 0.895574 0.1484
0 0.999061 0.765682 0.968990 0.762431 0.970391 0.749474 1.000000 0.752724 0.1004
0 0.964452 0.820330 0.938681 0.790877 0.952693 0.778617 0.978464 0.808070 0.1335
0 0.845052 0.347005 0.825521 0.347005 0.825521 0.300130 0.845052 0.300130 0.1283
0 0.968798 0.782277 0.967723 0.778694 0.976264 0.776131 0.977339 0.779715 0.1005
0 0.920705 0.782633 0.910281 0.765954 0.924267 0.757213 0.934691 0.773891 0.1520
0 0.915365 0.334635 0.905599 0.334635 0.905599 0.298177 0.915365 0.298177 0.0684
0 0.974609 0.754557 0.929036 0.754557 0.929036 0.735677 0.974609 0.735677 0.0856
0 0.966471 0.821940 0.937826 0.793294 0.951823 0.779297 0.980469 0.807943 0.1495
0 0.998292 0.768428 0.962309 0.760432 0.964683 0.749747 1.000000 0.757744 0.1689
0 0.880550 0.821405 0.870504 0.778349 0.887627 0.774354 0.897673 0.817409 0.7902
0 0.974146 0.799676 0.972344 0.789462 0.987905 0.786716 0.989708 0.796930 0.1960
0 0.969466 0.791862 0.965234 0.779167 0.977148 0.775195 0.981380 0.787891 0.0655
0 0.335915 0.284524 0.302375 0.281278 0.307775 0.225475 0.341315 0.228721 0.0597
0 0.969401 0.770833 0.938151 0.770833 0.938151 0.763672 0.969401 0.763672 0.0821
0 0.969094 0.786346 0.965251 0.779515 0.976904 0.772960 0.980747 0.779791 0.0841
0 0.968525 0.785093 0.966126 0.778854 0.979039 0.773887 0.981439 0.780126 0.1186
0 0.971069 0.803070 0.969870 0.788087 0.990752 0.786417 0.991951 0.801399 0.1220
0 0.761214 0.401165 0.744174 0.361407 0.757846 0.355547 0.774885 0.395306 0.3856
0 0.975085 0.795032 0.972159 0.790350 0.979064 0.786034 0.981990 0.790716 0.1398
0 0.936180 0.772560 0.929722 0.759914 0.969583 0.739560 0.976041 0.752206 0.0771
0 0.993690 0.766577 0.961138 0.760066 0.963517 0.748172 0.996069 0.754683 0.2768
0 0.946615 0.771484 0.916016 0.771484 0.916016 0.757812 0.946615 0.757812 0.0542
0 0.336433 0.285830 0.301574 0.282413 0.307242 0.224592 0.342102 0.228009 0.0584
0 0.870776 0.818613 0.845687 0.787252 0.859740 0.776010 0.884829 0.807371 0.8122
0 0.999349 0.775391 0.992839 0.775391 0.992839 0.762370 0.999349 0.762370 0.1230
0 0.972656 0.795573 0.964583 0.779427 0.976823 0.773307 0.984896 0.789453 0.0822
0 0.999349 0.776042 0.992188 0.776042 0.992188 0.761719 0.999349 0.761719 0.1104
0 0.961462 0.800509 0.945581 0.785562 0.951392 0.779389 0.967272 0.794335 0.0522
0 0.968425 0.823893 0.938151 0.793620 0.952148 0.779622 0.982422 0.809896 0.8312
0 0.992188 0.702474 0.987630 0.697917 0.992188 0.693359 0.996745 0.697917 0.0571
0 0.880287 0.815495 0.869237 0.779031 0.885970 0.773960 0.897019 0.810424 0.1502
0 0.845703 0.347656 0.825521 0.347656 0.825521 0.300130 0.845703 0.300130 0.7695
0 0.895836 0.346048 0.890049 0.296866 0.911807 0.294306 0.917593 0.343488 0.7696
0 0.914714 0.813802 0.899717 0.776311 0.915095 0.770160 0.930092 0.807651 0.1041
0 0.961421 0.768209 0.952319 0.753506 0.988718 0.730974 0.997819 0.745676 0.0696
0 0.943264 0.776033 0.939681 0.760983 0.985831 0.749994 0.989414 0.765045 0.2885
0 0.776266 0.601041 0.769366 0.568513 0.806256 0.560688 0.813156 0.593216 0.2355
0 0.972055 0.823317 0.949474 0.805754 0.961358 0.790475 0.983939 0.808038 0.0946
0 0.999334 0.775562 0.935644 0.769919 0.937761 0.746026 1.000000 0.751670 0.0604
0 0.992245 0.767190 0.969976 0.757068 0.974235 0.747699 0.996504 0.757821 0.2181
0 0.959542 0.766223 0.951421 0.752580 0.989627 0.729838 0.997748 0.743482 0.0852
0 0.937826 0.773763 0.933844 0.753856 0.989934 0.742638 0.993915 0.762545 0.0885
0 0.969843 0.916338 0.942124 0.880823 0.949614 0.874977 0.977333 0.910492 0.0646
0 0.983748 0.821101 0.968174 0.792177 0.984945 0.783146 1.000000 0.812070 0.1634
0 0.974923 0.797089 0.970634 0.790349 0.979481 0.784720 0.983770 0.791460 0.0763
0 0.969975 0.752534 0.965243 0.740231 0.991332 0.730197 0.996063 0.742500 0.0552
0 0.999349 0.779297 0.992839 0.779297 0.992839 0.762370 0.999349 0.762370 0.2802
0 0.898606 0.345810 0.888373 0.299763 0.910639 0.294815 0.920872 0.340862 0.0973
0 0.980469 0.790365 0.964193 0.790365 0.964193 0.777995 0.980469 0.777995 0.1011
0 0.944844 0.775455 0.941410 0.760248 0.990867 0.749080 0.994300 0.764287 0.7606
0 0.761979 0.401562 0.742057 0.361719 0.754036 0.355729 0.773958 0.395573 0.0665
0 0.938438 0.774036 0.937999 0.766140 0.973047 0.764193 0.973486 0.772089 0.0916
0 0.999349 0.778646 0.993490 0.778646 0.993490 0.761068 0.999349 0.761068 0.2874
0 0.969630 0.916415 0.942262 0.880626 0.949705 0.874935 0.977073 0.910723 0.0680
0 0.942708 0.861328 0.908854 0.861328 0.908854 0.843750 0.942708 0.843750 0.0802
0 0.761539 0.402793 0.743759 0.361306 0.759395 0.354604 0.777175 0.396091 0.1061
0 0.968144 0.786571 0.965180 0.779162 0.981681 0.772562 0.984644 0.779970 0.1388
0 0.973408 0.763171 0.928586 0.754207 0.932567 0.734300 0.977389 0.743264 0.1393
0 0.999349 0.777344 0.985026 0.777344 0.985026 0.755859 0.999349 0.755859 0.0597
0 0.761979 0.401563 0.742318 0.362240 0.758724 0.354036 0.778385 0.393359 0.0746
0 0.988281 0.798828 0.972005 0.798828 0.972005 0.788411 0.988281 0.788411 0.0502
0 0.974858 0.913206 0.904075 0.873650 0.914267 0.855411 0.985051 0.894966 0.6938
0 0.957806 0.897121 0.903598 0.877409 0.910194 0.859270 0.964402 0.878982 0.1380
0 0.975911 0.815755 0.962240 0.815755 0.962240 0.808594 0.975911 0.808594 0.0505
0 0.939006 0.775979 0.935690 0.760347 0.992138 0.748373 0.995454 0.764005 0.1146
0 0.959635 0.707031 0.910156 0.707031 0.910156 0.687500 0.959635 0.687500 0.1132
0 0.995126 0.766874 0.975595 0.763619 0.977108 0.754540 0.996639 0.757795 0.1288
0 0.934461 0.770976 0.924277 0.747638 0.968049 0.728537 0.978233 0.751875 0.0647
0 0.993030 0.767463 0.960555 0.759344 0.963618 0.747089 0.996094 0.755208 0.3227
0 0.967509 0.756998 0.961190 0.743211 0.991565 0.729289 0.997884 0.743076 0.1017
0 0.938311 0.775371 0.936418 0.760226 0.990986 0.753406 0.992879 0.768550 0.1067
0 0.944685 0.891859 0.903718 0.877400 0.909812 0.860134 0.950779 0.874593 0.1166
0 0.974219 0.796094 0.965885 0.779427 0.978125 0.773307 0.986458 0.789974 0.0957
0 0.925767 0.792815 0.909747 0.767183 0.924962 0.757674 0.940982 0.783306 0.2388
0 0.761759 0.402760 0.743557 0.361805 0.761618 0.353777 0.779820 0.394733 0.0678
0 0.995023 0.835059 0.967221 0.795341 0.983169 0.784177 1.000000 0.823895 0.7707
0 0.999349 0.775391 0.993490 0.775391 0.993490 0.763021 0.999349 0.763021 0.0722
0 0.968692 0.761529 0.959990 0.748142 0.989853 0.728731 0.998555 0.742118 0.0899
0 0.999349 0.723958 0.964844 0.723958 0.964844 0.695964 0.999349 0.695964 0.1303
0 0.999328 0.775594 0.941274 0.769483 0.943614 0.747251 1.000000 0.753362 0.0553
0 0.868439 0.819261 0.846404 0.786208 0.862330 0.775591 0.884365 0.808644 0.0989
0 0.974935 0.763327 0.964366 0.752096 0.985669 0.732047 0.996238 0.743277 0.0812
0 0.998271 0.777039 0.980421 0.757760 0.988638 0.750151 1.000000 0.769430 0.0831
0 0.950939 0.894574 0.903601 0.877479 0.910019 0.859705 0.957358 0.876800 0.2039
0 0.974167 0.759609 0.929049 0.753164 0.931719 0.734479 0.976836 0.740924 0.1881
0 0.996059 0.834590 0.966471 0.796550 0.982382 0.784175 1.000000 0.822215 0.2289
0 0.914161 0.813847 0.900168 0.776532 0.915222 0.770887 0.929215 0.808201 0.8020
0 0.839308 0.347197 0.831036 0.345129 0.831763 0.342218 0.840035 0.344286 0.0534
0 0.973677 0.761455 0.928913 0.753994 0.932133 0.734674 0.976897 0.742135 0.1993
0 0.959635 0.754557 0.938802 0.754557 0.938802 0.748698 0.959635 0.748698 0.0817
0 0.762925 0.401099 0.740234 0.363281 0.754596 0.354664 0.777286 0.392482 0.0614
0 0.967735 0.788526 0.962086 0.779282 0.976886 0.770238 0.982535 0.779481 0.0757
0 0.973171 0.916023 0.936590 0.883100 0.945784 0.872885 0.982364 0.905808 0.0523
0 0.914642 0.813257 0.899514 0.776517 0.914642 0.770288 0.929770 0.807028 0.0983
0 0.999349 0.724609 0.965495 0.724609 0.965495 0.695964 0.999349 0.695964 0.7652
0 0.937981 0.777534 0.933712 0.762357 0.989689 0.746613 0.993957 0.761791 0.0599
0 0.970403 0.820112 0.938552 0.798878 0.950170 0.781450 0.982021 0.802684 0.0644
0 0.969667 0.916402 0.942238 0.880660 0.949594 0.875015 0.977023 0.910757 0.0745
0 0.938411 0.865755 0.885091 0.847982 0.891341 0.829232 0.944662 0.847005 0.8383
0 0.975260 0.797526 0.970668 0.791622 0.978601 0.785452 0.983193 0.791356 0.1249
0 0.967448 0.823568 0.942383 0.798503 0.956706 0.784180 0.981771 0.809245 0.0621
0 0.972656 0.916016 0.938151 0.881510 0.946615 0.873047 0.981120 0.907552 0.0540
0 0.761849 0.400651 0.742188 0.361328 0.756250 0.354297 0.775912 0.393620 0.0654
0 0.896044 0.345433 0.889974 0.296875 0.911929 0.294131 0.917999 0.342688 0.1281
0 0.959635 0.707031 0.910807 0.707031 0.910807 0.688151 0.959635 0.688151 0.8145
0 0.931993 0.868677 0.923145 0.860713 0.936417 0.845966 0.945266 0.853929 0.0787
0 0.999349 0.776693 0.992839 0.776693 0.992839 0.763672 0.999349 0.763672 0.1117
0 0.995684 0.765503 0.960567 0.762994 0.961615 0.748328 0.996732 0.750836 0.0900
0 0.995375 0.837450 0.977705 0.812505 0.987062 0.805877 1.000000 0.830822 0.1157
0 0.936209 0.776740 0.932456 0.760479 0.986043 0.748113 0.989795 0.764374 0.0608
0 0.973096 0.760382 0.929072 0.753044 0.932080 0.734991 0.976105 0.742328 0.7660
0 0.937932 0.776972 0.934254 0.759810 0.992676 0.747291 0.996354 0.764453 0.0607
0 0.939186 0.864762 0.884488 0.849568 0.889842 0.830295 0.944540 0.845489 0.1181
0 0.933578 0.807265 0.910275 0.769133 0.925628 0.759751 0.948931 0.797883 0.7338
0 0.999349 0.723958 0.965495 0.723958 0.965495 0.695312 0.999349 0.695312 0.1586
0 0.999349 0.779297 0.992839 0.779297 0.992839 0.763021 0.999349 0.763021 0.2786
0 0.996491 0.836271 0.965241 0.797209 0.981993 0.783807 1.000000 0.822869 0.0680
0 0.766842 0.399619 0.737528 0.380565 0.752284 0.357865 0.781598 0.376919 0.0600
0 0.999349 0.779297 0.992839 0.779297 0.992839 0.762370 0.999349 0.762370 0.3082
0 0.761195 0.401477 0.744418 0.361213 0.762863 0.353527 0.779640 0.393792 0.0596
0 0.940730 0.775265 0.937600 0.759615 0.985928 0.749950 0.989058 0.765600 0.2395
0 0.998042 0.778360 0.982197 0.757988 0.992338 0.750100 1.000000 0.770473 0.0965
0 0.871331 0.818528 0.845136 0.787967 0.859613 0.775559 0.885807 0.806120 0.1109
