0 0.062046 0.276418 0.040226 0.253872 0.045909 0.248373 0.067728 0.270919 0.0638
0 0.617550 0.131596 0.614055 0.093147 0.633661 0.091365 0.637156 0.129813 0.5099
0 0.202817 0.408015 0.202275 0.393913 0.225728 0.393011 0.226270 0.407113 0.0503
0 0.068892 0.325720 0.066483 0.303238 0.101195 0.299519 0.103603 0.322000 0.1142
0 0.130075 0.271594 0.096403 0.261233 0.101964 0.243162 0.135635 0.253523 0.1477
0 0.092495 0.273798 0.069128 0.247971 0.077413 0.240476 0.100780 0.266302 0.1076
0 0.013871 0.321546 0.001772 0.293078 0.023760 0.283733 0.035859 0.312201 0.1129
0 0.031310 0.190607 0.017905 0.165585 0.036351 0.155703 0.049756 0.180725 0.0603
0 0.066521 0.293605 0.051402 0.279068 0.073408 0.256182 0.088527 0.270719 0.1160
0 0.335884 0.260624 0.319645 0.251766 0.330244 0.232335 0.346483 0.241192 0.0733
0 0.149089 0.297526 0.139974 0.297526 0.139974 0.274089 0.149089 0.274089 0.4311
0 0.331308 0.258272 0.328671 0.235414 0.339642 0.234148 0.342280 0.257006 0.1503
0 0.015625 0.320312 0.000000 0.320312 0.000000 0.299479 0.015625 0.299479 0.2915
0 0.019531 0.320312 0.000000 0.320312 0.000000 0.297526 0.019531 0.297526 0.1268
0 0.056484 0.273229 0.039922 0.251146 0.045859 0.246693 0.062422 0.268776 0.3217
0 0.093861 0.276343 0.070868 0.247602 0.079046 0.241060 0.102039 0.269801 0.3251
0 0.142057 0.277604 0.131901 0.257292 0.150651 0.247917 0.160807 0.268229 0.1581
0 0.346520 0.182379 0.341818 0.173758 0.359744 0.163980 0.364446 0.172601 0.0614
0 0.063111 0.296839 0.046624 0.282184 0.070402 0.255433 0.086889 0.270088 0.0974
0 0.149835 0.270349 0.138145 0.255962 0.154738 0.242480 0.166428 0.256867 0.1235
0 0.618413 0.129251 0.610409 0.097235 0.619141 0.095052 0.627145 0.127068 0.1232
0 0.160195 0.325368 0.155599 0.317708 0.159237 0.315525 0.163833 0.323185 0.0633
0 0.209340 0.391491 0.194081 0.387330 0.196034 0.380168 0.211293 0.384330 0.0582
0 0.134766 0.262370 0.110677 0.262370 0.110677 0.251302 0.134766 0.251302 0.2361
0 0.165250 0.563512 0.157420 0.552550 0.178605 0.537417 0.186435 0.548379 0.0535
0 0.096994 0.280259 0.069961 0.277015 0.071893 0.260919 0.098925 0.264163 0.1172
0 0.002319 0.365493 0.000000 0.348991 0.025430 0.336217 0.032431 0.352719 0.0956
0 0.186849 0.321615 0.176432 0.321615 0.176432 0.307292 0.186849 0.307292 0.0709
0 0.014915 0.363853 0.006429 0.357862 0.021928 0.335906 0.030414 0.341896 0.4058
0 0.158641 0.271039 0.146480 0.267462 0.153468 0.243705 0.165628 0.247282 0.2663
0 0.144334 0.281271 0.121745 0.257812 0.135607 0.244464 0.158197 0.267922 0.1186
0 0.158203 0.345052 0.144271 0.317188 0.155208 0.311719 0.169141 0.339583 0.1302
0 0.030430 0.295810 0.014897 0.294615 0.017337 0.262902 0.032870 0.264097 0.1202
0 0.016276 0.359375 0.000000 0.359375 0.000000 0.345052 0.016276 0.345052 0.1201
0 0.214844 0.410807 0.191732 0.387695 0.204427 0.375000 0.227539 0.398112 0.6225
0 0.018254 0.289839 0.012044 0.258789 0.033579 0.254482 0.039789 0.285532 0.1222
0 0.046549 0.287435 0.017253 0.258138 0.025065 0.250326 0.054362 0.279622 0.1142
0 0.136068 0.263021 0.108073 0.263021 0.108073 0.250000 0.136068 0.250000 0.0827
0 0.016276 0.322266 0.003906 0.322266 0.003906 0.315104 0.016276 0.315104 0.1415
0 0.412305 0.238867 0.391706 0.235924 0.393372 0.224258 0.413971 0.227201 0.2264
0 0.324640 0.257447 0.315038 0.246368 0.329340 0.233973 0.338942 0.245053 0.1615
0 0.617671 0.131137 0.613939 0.093814 0.633534 0.091855 0.637267 0.129177 0.1448
0 0.019531 0.330078 0.000000 0.330078 0.000000 0.297526 0.019531 0.297526 0.1042
0 0.016276 0.320312 0.000000 0.320312 0.000000 0.299479 0.016276 0.299479 0.2819
0 0.058126 0.284075 0.053503 0.271234 0.085272 0.259797 0.089894 0.272638 0.0999
0 0.063802 0.286458 0.053385 0.286458 0.053385 0.277344 0.063802 0.277344 0.0873
0 0.220205 0.327436 0.215878 0.310126 0.225069 0.307828 0.229396 0.325138 0.0513
0 0.050357 0.457856 0.011252 0.430573 0.020417 0.417436 0.059523 0.444719 0.2062
0 0.057292 0.454427 0.024740 0.454427 0.024740 0.441406 0.057292 0.441406 0.1116
0 0.035730 0.314903 0.011102 0.307440 0.018592 0.282721 0.043221 0.290184 0.1400
0 0.187500 0.320964 0.177083 0.320964 0.177083 0.289062 0.187500 0.289062 0.1502
0 0.066741 0.296006 0.050689 0.282424 0.073260 0.255749 0.089312 0.269331 0.0579
0 0.068642 0.298388 0.049879 0.289788 0.063308 0.260489 0.082071 0.269089 0.1056
0 0.095052 0.274089 0.081779 0.256912 0.100049 0.242795 0.113322 0.259971 0.1079
0 0.171377 0.429649 0.165977 0.408050 0.178232 0.404986 0.183632 0.426585 0.0900
0 0.167699 0.431346 0.158854 0.400391 0.175364 0.395674 0.184208 0.426629 0.0833
0 0.017008 0.292393 0.015734 0.260542 0.035520 0.259751 0.036794 0.291601 0.1087
0 0.068359 0.298828 0.050130 0.289714 0.064844 0.260286 0.083073 0.269401 0.1134
0 0.047908 0.290888 0.017958 0.256853 0.037096 0.240012 0.067046 0.274046 0.0987
0 0.215169 0.411133 0.192057 0.388021 0.205078 0.375000 0.228190 0.398112 0.1264
0 0.068429 0.298995 0.050062 0.289444 0.065422 0.259905 0.083789 0.269456 0.1087
0 0.133203 0.266903 0.098350 0.260449 0.101095 0.245621 0.135949 0.252076 0.1638
0 0.034959 0.314423 0.012070 0.304325 0.022684 0.280267 0.045573 0.290365 0.2072
0 0.126033 0.276670 0.092796 0.262426 0.102292 0.240268 0.135529 0.254512 0.1044
0 0.049190 0.461545 0.008915 0.434383 0.020180 0.417680 0.060455 0.444842 0.5261
0 0.178953 0.321310 0.175956 0.286839 0.187390 0.285845 0.190388 0.320316 0.5817
0 0.133899 0.264723 0.096175 0.263544 0.096813 0.243117 0.134537 0.244296 0.1293
0 0.159524 0.271576 0.151379 0.269404 0.156469 0.250319 0.164614 0.252491 0.1047
0 0.184635 0.310026 0.173047 0.286849 0.180078 0.283333 0.191667 0.306510 0.1224
0 0.166935 0.431411 0.159122 0.400161 0.175820 0.395987 0.183632 0.427237 0.6456
0 0.327787 0.263438 0.315130 0.246563 0.330859 0.234766 0.343516 0.251641 0.1485
0 0.005884 0.322352 0.000000 0.299909 0.013832 0.295806 0.020244 0.318249 0.1502
0 0.072591 0.299154 0.048177 0.274740 0.078451 0.244466 0.102865 0.268880 0.0548
0 0.148908 0.279938 0.136498 0.272847 0.150601 0.248167 0.163011 0.255258 0.3132
0 0.035069 0.315246 0.008578 0.304409 0.016169 0.285852 0.042660 0.296689 0.1076
0 0.096865 0.280674 0.067536 0.279785 0.068039 0.263189 0.097368 0.264077 0.1199
0 0.146013 0.276144 0.134885 0.256362 0.157357 0.243721 0.168485 0.263504 0.0789
0 0.064904 0.295222 0.054247 0.276572 0.087831 0.257382 0.098488 0.276032 0.0820
0 0.055749 0.290343 0.036109 0.272668 0.050418 0.256769 0.070057 0.274445 0.1283
0 0.031218 0.190555 0.018310 0.165660 0.037275 0.155826 0.050184 0.180721 0.1412
0 0.148941 0.321681 0.146489 0.316286 0.155122 0.312362 0.157574 0.317757 0.0811
0 0.007680 0.319355 0.001016 0.289841 0.029811 0.283339 0.036475 0.312853 0.1018
0 0.013672 0.320312 0.005859 0.320312 0.005859 0.317057 0.013672 0.317057 0.1386
0 0.390625 0.225911 0.379557 0.214844 0.385742 0.208659 0.396810 0.219727 0.1605
0 0.070312 0.297526 0.058203 0.293490 0.066016 0.270052 0.078125 0.274089 0.3074
0 0.018194 0.285553 0.016344 0.255027 0.027135 0.254373 0.028985 0.284899 0.1625
0 0.070171 0.326048 0.064816 0.304091 0.113810 0.292141 0.119165 0.314098 0.3720
0 0.170573 0.408854 0.160156 0.408854 0.160156 0.399089 0.170573 0.399089 0.0718
0 0.034417 0.302667 0.017636 0.281410 0.033130 0.269178 0.049911 0.290435 0.1352
0 0.044588 0.174225 0.018221 0.171295 0.019126 0.163149 0.045494 0.166079 0.0500
0 0.032878 0.316081 0.011719 0.294922 0.019531 0.287109 0.040690 0.308268 0.2889
0 0.033854 0.191406 0.025391 0.182943 0.039388 0.168945 0.047852 0.177409 0.0918
0 0.221055 0.328283 0.218046 0.310230 0.227020 0.308735 0.230029 0.326788 0.5304
0 0.165495 0.563542 0.157448 0.552813 0.178281 0.537188 0.186328 0.547917 0.3241
0 0.034691 0.313078 0.002872 0.287468 0.018880 0.267578 0.050699 0.293189 0.1015
0 0.056391 0.280727 0.040280 0.249452 0.051224 0.243814 0.067336 0.275089 0.1065
0 0.152840 0.273600 0.099914 0.258364 0.105332 0.239544 0.158257 0.254780 0.0648
0 0.146118 0.290686 0.133763 0.285315 0.146131 0.256866 0.158487 0.262238 0.2643
0 0.211578 0.409749 0.191570 0.388001 0.199708 0.380514 0.219716 0.402262 0.1020
0 0.117508 0.315719 0.065957 0.310146 0.067989 0.291345 0.119541 0.296918 0.1639
0 0.126229 0.276308 0.093820 0.261350 0.103938 0.239428 0.136347 0.254386 0.1003
0 0.046616 0.287092 0.019756 0.256395 0.026716 0.250305 0.053576 0.281002 0.1347
0 0.057096 0.455426 0.025053 0.454510 0.025432 0.441277 0.057474 0.442193 0.2713
0 0.617315 0.129360 0.612097 0.094916 0.626561 0.092724 0.631780 0.127169 0.1019
0 0.095098 0.274780 0.068457 0.251469 0.079104 0.239301 0.105745 0.262612 0.1618
0 0.862240 0.961719 0.851838 0.945374 0.881874 0.926260 0.892276 0.942605 0.2577
0 0.223047 0.403987 0.199437 0.389457 0.205271 0.379976 0.228882 0.394506 0.0896
0 0.116802 0.315922 0.071427 0.307672 0.074885 0.288651 0.120260 0.296901 0.1372
0 0.135533 0.265031 0.095988 0.262102 0.097587 0.240519 0.137132 0.243448 0.0507
0 0.171224 0.236328 0.164062 0.236328 0.164062 0.216797 0.171224 0.216797 0.2934
0 0.413411 0.237630 0.395182 0.237630 0.395182 0.225911 0.413411 0.225911 0.1776
0 0.026364 0.442935 0.015201 0.422204 0.027974 0.415326 0.039137 0.436058 0.0528
0 0.055729 0.270703 0.041510 0.251745 0.045781 0.248542 0.060000 0.267500 0.0745
0 0.016276 0.358724 0.000000 0.358724 0.000000 0.343099 0.016276 0.343099 0.1008
0 0.003364 0.365222 0.000000 0.349545 0.024832 0.335971 0.032209 0.351647 0.1304
0 0.030923 0.190854 0.018625 0.165489 0.036866 0.156644 0.049165 0.182010 0.0768
0 0.170247 0.265951 0.161458 0.257161 0.165365 0.253255 0.174154 0.262044 0.1046
0 0.031199 0.190382 0.017841 0.165574 0.037253 0.155121 0.050611 0.179929 0.0524
0 0.052581 0.294190 0.032478 0.286953 0.038105 0.271322 0.058208 0.278559 0.1354
0 0.134155 0.265140 0.097302 0.262069 0.098864 0.243319 0.135717 0.246390 0.1140
0 0.073436 0.328346 0.062817 0.308624 0.073260 0.303000 0.083880 0.322723 0.1012
0 0.044730 0.173713 0.018394 0.171687 0.019003 0.163771 0.045339 0.165797 0.2522
0 0.331702 0.261995 0.315081 0.247748 0.324594 0.236650 0.341215 0.250896 0.1150
0 0.158854 0.272786 0.141276 0.272786 0.141276 0.248047 0.158854 0.248047 0.1550
0 0.030599 0.292969 0.016276 0.292969 0.016276 0.261719 0.030599 0.261719 0.1047
0 0.222721 0.328971 0.217122 0.312175 0.225911 0.309245 0.231510 0.326042 0.0636
0 0.183594 0.263672 0.166016 0.263672 0.166016 0.248698 0.183594 0.248698 0.4657
0 0.044975 0.286316 0.017892 0.257149 0.025009 0.250540 0.052092 0.279707 0.1494
0 0.045379 0.291462 0.019403 0.256040 0.028350 0.249479 0.054326 0.284900 0.2916
0 0.030919 0.190201 0.019021 0.165612 0.037535 0.156653 0.049434 0.181243 0.1495
0 0.403433 0.242781 0.385445 0.222224 0.398351 0.210932 0.416338 0.231489 0.1543
0 0.041054 0.452972 0.022212 0.448261 0.024395 0.439530 0.043237 0.444240 0.1132
0 0.094712 0.277464 0.073257 0.249880 0.083083 0.242238 0.104537 0.269822 0.1214
0 0.404948 0.242839 0.379883 0.217773 0.391927 0.205729 0.416992 0.230794 0.5464
0 0.002357 0.365526 0.000000 0.349576 0.025065 0.336914 0.031901 0.352865 0.1230
0 0.331380 0.263021 0.315430 0.247070 0.330729 0.231771 0.346680 0.247721 0.4891
0 0.066995 0.293004 0.053429 0.278917 0.077000 0.256219 0.090566 0.270306 0.1213
0 0.034795 0.303709 0.027967 0.296078 0.042753 0.282848 0.049581 0.290479 0.1205
0 0.629692 0.130943 0.621948 0.098030 0.631890 0.095690 0.639635 0.128603 0.1144
0 0.030601 0.316386 0.001888 0.282723 0.018880 0.268229 0.047593 0.301892 0.1265
0 0.032552 0.316406 0.011068 0.294922 0.022786 0.283203 0.044271 0.304688 0.0852
0 0.629810 0.131170 0.620399 0.095406 0.630686 0.092699 0.640097 0.128463 0.2102
0 0.064974 0.284896 0.058203 0.271354 0.086328 0.257292 0.093099 0.270833 0.1035
0 0.158333 0.345313 0.144141 0.316927 0.155078 0.311458 0.169271 0.339844 0.6342
0 0.171763 0.268184 0.164186 0.250505 0.177936 0.244612 0.185513 0.262291 0.1140
0 0.346875 0.181380 0.342969 0.173568 0.360417 0.164844 0.364323 0.172656 0.1974
0 0.167126 0.431084 0.158914 0.400288 0.175244 0.395933 0.183456 0.426729 0.1201
0 0.176833 0.270232 0.157602 0.257412 0.165815 0.245092 0.185046 0.257913 0.0777
0 0.618223 0.129237 0.610803 0.097703 0.619512 0.095654 0.626932 0.127188 0.2701
0 0.032552 0.445964 0.012695 0.426107 0.022461 0.416341 0.042318 0.436198 0.3501
0 0.181641 0.427734 0.169271 0.427734 0.169271 0.408854 0.181641 0.408854 0.0743
0 0.161458 0.264323 0.153646 0.264323 0.153646 0.244792 0.161458 0.244792 0.2643
