0 0.622316 0.758598 0.299075 0.747956 0.304287 0.589627 0.627529 0.600269 0.0783
0 0.999349 0.024089 0.867839 0.024089 0.867839 0.000000 0.999349 0.000000 0.6909
0 0.232422 0.010417 0.217448 0.010417 0.217448 0.000000 0.232422 0.000000 0.0597
0 0.310006 0.073477 0.294560 0.067917 0.306827 0.033843 0.322273 0.039404 0.0512
0 0.819661 0.033203 0.801432 0.033203 0.801432 0.000000 0.819661 0.000000 0.4067
0 0.670710 0.231480 0.629724 0.193773 0.661190 0.159571 0.702176 0.197278 0.0570
0 0.622629 0.758054 0.299102 0.748657 0.303848 0.585276 0.627375 0.594673 0.0866
0 0.630859 0.041667 0.597005 0.041667 0.597005 0.000000 0.630859 0.000000 0.1337
0 0.842702 0.100445 0.823529 0.048824 0.843095 0.041556 0.862269 0.093177 0.0702
0 0.253355 0.020612 0.252496 0.000005 0.264844 0.000000 0.265703 0.020098 0.0528
0 0.999349 0.023438 0.867839 0.023438 0.867839 0.000000 0.999349 0.000000 0.1138
0 0.255039 0.020722 0.253744 0.000010 0.264931 0.000000 0.266225 0.020023 0.2923
0 0.455672 0.033758 0.442747 0.012217 0.469171 0.000000 0.482096 0.017904 0.1030
0 0.443359 0.014323 0.416016 0.014323 0.416016 0.000000 0.443359 0.000000 0.0722
0 0.267578 0.904948 0.224609 0.904948 0.224609 0.826172 0.267578 0.826172 0.0515
0 0.063882 0.067698 0.055569 0.001192 0.086498 0.000000 0.094812 0.063832 0.3283
0 0.458143 0.032965 0.442835 0.013831 0.470147 0.000000 0.485455 0.011115 0.4195
0 0.073438 0.070703 0.052604 0.029036 0.081250 0.014714 0.102083 0.056380 0.3833
0 0.317708 0.011068 0.307943 0.011068 0.307943 0.000000 0.317708 0.000000 0.1403
0 0.477214 0.029948 0.416016 0.029948 0.416016 0.000000 0.477214 0.000000 0.1119
0 0.266276 0.020182 0.250651 0.020182 0.250651 0.000000 0.266276 0.000000 0.0820
0 0.305440 0.073008 0.283202 0.022681 0.301177 0.014739 0.323415 0.065066 0.2016
0 0.841779 0.100535 0.823702 0.049317 0.844135 0.042105 0.862212 0.093323 0.0660
0 0.127374 0.627987 0.124349 0.615885 0.140127 0.611941 0.143153 0.624043 0.0667
0 0.865905 0.024396 0.862640 0.003875 0.895962 0.000000 0.899226 0.019095 0.0566
0 0.813193 0.098821 0.794985 0.093219 0.807176 0.053600 0.825384 0.059203 0.0525
0 0.663411 0.016276 0.642578 0.016276 0.642578 0.000000 0.663411 0.000000 0.1244
0 0.312500 0.011719 0.308268 0.007487 0.311849 0.003906 0.316081 0.008138 0.0540
0 0.064310 0.068008 0.054831 0.001654 0.085638 0.000000 0.095117 0.063607 0.0772
0 0.444010 0.014323 0.416016 0.014323 0.416016 0.000000 0.444010 0.000000 0.3835
0 0.121094 0.017578 0.076172 0.017578 0.076172 0.000000 0.121094 0.000000 0.0527
0 0.458725 0.033566 0.441957 0.014934 0.458790 0.000000 0.475559 0.018416 0.0509
0 0.833333 0.033203 0.800130 0.033203 0.800130 0.000000 0.833333 0.000000 0.3148
0 0.848698 0.099089 0.836068 0.073828 0.850651 0.066536 0.863281 0.091797 0.0669
0 0.913429 0.084010 0.882649 0.040404 0.894994 0.031689 0.925775 0.075295 0.5308
0 0.231120 0.009766 0.218750 0.009766 0.218750 0.000000 0.231120 0.000000 0.1836
0 0.671940 0.226033 0.650283 0.195515 0.665800 0.184503 0.687458 0.215021 0.0564
0 0.310293 0.074438 0.296147 0.068544 0.309803 0.035769 0.323949 0.041663 0.0521
0 0.461015 0.031306 0.442008 0.017483 0.461828 0.000000 0.480835 0.004054 0.0567
0 0.232422 0.009766 0.216146 0.009766 0.216146 0.000000 0.232422 0.000000 0.0516
0 0.455922 0.033766 0.442741 0.012473 0.471833 0.000000 0.485014 0.015756 0.0648
0 0.232422 0.009766 0.222005 0.009766 0.222005 0.000000 0.232422 0.000000 0.0740
0 0.999284 0.018685 0.962379 0.016514 0.963201 0.002546 1.000000 0.004717 0.0618
0 0.305797 0.073298 0.281725 0.024008 0.309011 0.010682 0.333083 0.059973 0.4506
0 0.844589 0.100123 0.823782 0.048904 0.841926 0.041533 0.862733 0.092752 0.5717
0 0.820964 0.097005 0.800781 0.097005 0.800781 0.046224 0.820964 0.046224 0.0874
0 0.707031 0.004557 0.693359 0.004557 0.693359 0.000000 0.707031 0.000000 0.2053
0 0.254604 0.020830 0.253116 0.000010 0.264914 0.000000 0.266402 0.019987 0.0537
0 0.456788 0.033737 0.442465 0.012903 0.464127 0.000000 0.478450 0.018844 0.0816
0 0.835286 0.020182 0.821615 0.020182 0.821615 0.000000 0.835286 0.000000 0.0514
0 0.830196 0.095536 0.815366 0.052105 0.831080 0.046739 0.845910 0.090170 0.0531
0 0.232422 0.009766 0.222005 0.009766 0.222005 0.000000 0.232422 0.000000 0.0707
0 0.810547 0.033203 0.800000 0.001563 0.814258 0.000000 0.824805 0.028451 0.0848
0 0.317708 0.011068 0.306641 0.011068 0.306641 0.000000 0.317708 0.000000 0.0508
0 0.434896 0.613281 0.406250 0.613281 0.406250 0.600260 0.434896 0.600260 0.1565
0 0.998763 0.019727 0.980474 0.014739 0.983539 0.003501 1.000000 0.008489 0.0574
0 0.305557 0.073027 0.282444 0.023336 0.300606 0.014889 0.323718 0.064580 0.2296
0 0.232422 0.010417 0.216797 0.010417 0.216797 0.000000 0.232422 0.000000 0.0639
0 0.632813 0.194661 0.628735 0.193179 0.632290 0.183404 0.636367 0.184886 0.0941
0 0.317708 0.011068 0.307292 0.011068 0.307292 0.000000 0.317708 0.000000 0.0611
0 0.788546 0.097671 0.786801 0.038344 0.856115 0.036305 0.857860 0.095633 0.0688
0 0.810747 0.100034 0.779155 0.081744 0.804933 0.037217 0.836525 0.055507 0.3266
0 0.632765 0.194742 0.626774 0.191248 0.633032 0.180521 0.639023 0.184015 0.1031
0 0.847170 0.099533 0.834632 0.072367 0.850610 0.064993 0.863148 0.092159 0.0866
0 0.675213 0.227336 0.637396 0.210418 0.659442 0.161139 0.697258 0.178057 0.6091
0 0.254920 0.020919 0.253020 0.000021 0.264232 0.000000 0.266132 0.019899 0.0501
0 0.707682 0.005208 0.692708 0.005208 0.692708 0.000000 0.707682 0.000000 0.0566
0 0.999310 0.019191 0.961168 0.017665 0.961897 0.000000 1.000000 0.000965 0.0502
0 0.643738 0.212574 0.641448 0.175933 0.656161 0.175014 0.658451 0.211654 0.0586
0 0.121094 0.017578 0.078776 0.017578 0.078776 0.000000 0.121094 0.000000 0.3321
0 0.638021 0.194661 0.630208 0.194661 0.630208 0.181641 0.638021 0.181641 0.0555
0 0.670515 0.226710 0.645368 0.169230 0.670607 0.158188 0.695754 0.215668 0.1377
0 0.232422 0.010417 0.215495 0.010417 0.215495 0.000000 0.232422 0.000000 0.0523
0 0.630859 0.042318 0.596354 0.042318 0.596354 0.000000 0.630859 0.000000 0.7715
0 0.820964 0.098307 0.798828 0.098307 0.798828 0.039714 0.820964 0.039714 0.5614
0 0.305759 0.068600 0.300771 0.050310 0.307382 0.048508 0.312370 0.066797 0.0881
0 0.317708 0.011068 0.306641 0.011068 0.306641 0.000000 0.317708 0.000000 0.0520
0 0.707031 0.004557 0.692708 0.004557 0.692708 0.000000 0.707031 0.000000 0.0762
0 0.418708 0.656276 0.364554 0.627507 0.383579 0.591695 0.437733 0.620465 0.0549
0 0.913038 0.084084 0.883197 0.039970 0.895716 0.031502 0.925558 0.075615 0.0869
0 0.443359 0.014323 0.416016 0.014323 0.416016 0.000000 0.443359 0.000000 0.0773
0 0.652914 0.247573 0.616724 0.226358 0.628702 0.205924 0.664892 0.227139 0.0552
