0 0.437500 0.856120 0.426589 0.846422 0.448321 0.821974 0.459231 0.831672 0.2551
0 0.416667 0.853516 0.400391 0.853516 0.400391 0.841146 0.416667 0.841146 0.2459
0 0.743897 0.962187 0.670714 0.910396 0.695490 0.875386 0.768673 0.927177 0.1232
0 0.507373 0.690069 0.503502 0.666843 0.516593 0.664661 0.520464 0.687887 0.2072
0 0.531723 0.849347 0.509004 0.836567 0.516516 0.823214 0.539234 0.835993 0.4390
0 0.503715 0.734911 0.499234 0.716989 0.530791 0.709099 0.535271 0.727022 0.5309
0 0.366395 0.810129 0.348224 0.802610 0.370020 0.749937 0.388191 0.757456 0.1647
0 0.451425 0.823078 0.438660 0.814955 0.458337 0.784034 0.471101 0.792157 0.0855
0 0.381819 0.752428 0.370764 0.736881 0.424005 0.699020 0.435061 0.714567 0.1189
0 0.691318 0.886596 0.675060 0.883886 0.678773 0.861610 0.695031 0.864319 0.1127
0 0.598073 0.784818 0.563281 0.758724 0.581172 0.734870 0.615964 0.760964 0.2072
0 0.729038 0.941918 0.699074 0.935340 0.708993 0.890151 0.738958 0.896728 0.2272
0 0.653648 0.846277 0.642641 0.822887 0.672552 0.808811 0.683559 0.832201 0.2124
0 0.511925 0.670449 0.506675 0.655824 0.535526 0.645467 0.540776 0.660092 0.3879
0 0.351785 0.798837 0.324674 0.792293 0.334828 0.750226 0.361939 0.756770 0.1563
0 0.511068 0.671224 0.507813 0.658203 0.536305 0.651080 0.539560 0.664101 0.5358
0 0.424237 0.819471 0.397625 0.817370 0.401539 0.767789 0.428151 0.769890 0.1382
0 0.629196 0.808083 0.613066 0.785231 0.641081 0.765457 0.657211 0.788308 0.2695
0 0.541979 0.504974 0.518281 0.501589 0.520312 0.487370 0.544010 0.490755 0.1137
0 0.265951 0.784831 0.245117 0.763997 0.253906 0.755208 0.274740 0.776042 0.3582
0 0.547715 0.729216 0.539884 0.720407 0.567080 0.696233 0.574910 0.705042 0.8509
0 0.930158 0.263011 0.860312 0.006906 0.978586 0.000000 1.000000 0.230754 0.5553
0 0.642697 0.147655 0.617732 0.083856 0.634940 0.077123 0.659904 0.140922 0.4752
0 0.377717 0.805105 0.346052 0.784616 0.370908 0.746203 0.402572 0.766692 0.1371
0 0.661458 0.850260 0.646159 0.834961 0.670573 0.810547 0.685872 0.825846 0.6251
0 0.865234 0.999349 0.848958 0.999349 0.848958 0.988932 0.865234 0.988932 0.1179
0 0.501902 0.734751 0.498379 0.715962 0.531633 0.709726 0.535156 0.728516 0.2924
0 0.510618 0.670130 0.507006 0.657291 0.536890 0.648886 0.540501 0.661725 0.3451
0 0.420918 0.789139 0.413373 0.758961 0.425781 0.755859 0.433326 0.786037 0.4207
0 0.740274 0.964530 0.725537 0.950926 0.759083 0.914585 0.773820 0.928188 0.3849
0 0.501604 0.732253 0.499239 0.715221 0.529879 0.710965 0.532245 0.727998 0.0691
0 0.509003 0.701899 0.500930 0.692264 0.532865 0.665507 0.540938 0.675143 0.1114
0 0.646867 0.837661 0.617456 0.830308 0.624272 0.803041 0.653684 0.810394 0.2490
0 0.846423 0.798680 0.672128 0.420691 0.745384 0.386912 0.919679 0.764902 0.8382
0 0.427937 0.814150 0.402862 0.813677 0.403834 0.762152 0.428909 0.762625 0.1727
0 0.422801 0.822191 0.390375 0.815705 0.401142 0.761869 0.433569 0.768354 0.1636
0 0.438176 0.822259 0.424135 0.814106 0.443094 0.781453 0.457136 0.789606 0.2216
0 0.547365 0.894376 0.513593 0.872762 0.520983 0.861216 0.554755 0.882829 0.6400
0 0.590462 0.785811 0.557314 0.760197 0.579148 0.731940 0.612297 0.757555 0.1980
0 0.342047 0.783253 0.326648 0.780173 0.333809 0.744366 0.349209 0.747446 0.5609
0 0.437003 0.683968 0.424764 0.668933 0.479798 0.624138 0.492036 0.639174 0.1105
0 0.352940 0.787582 0.330793 0.778294 0.349480 0.733733 0.371627 0.743020 0.2833
0 0.498112 0.697461 0.495378 0.689258 0.510221 0.684310 0.512956 0.692513 0.2163
0 0.600060 0.785457 0.576022 0.769431 0.592849 0.744191 0.616887 0.760216 0.2226
0 0.343106 0.814465 0.326877 0.784222 0.368377 0.761954 0.384606 0.792197 0.2100
0 0.601425 0.786054 0.584067 0.773325 0.600812 0.750491 0.618170 0.763220 0.2486
0 0.622619 0.796185 0.605403 0.784134 0.624336 0.757087 0.641551 0.769138 0.2777
0 0.508103 0.696635 0.502734 0.687240 0.520403 0.677144 0.525771 0.686538 0.3305
0 0.642807 0.147444 0.620387 0.089793 0.637509 0.083134 0.659929 0.140786 0.1032
0 0.680420 0.881462 0.667043 0.865608 0.692167 0.844410 0.705543 0.860264 0.1819
0 0.708027 0.934973 0.684092 0.920611 0.705863 0.884325 0.729798 0.898686 0.1849
0 0.721855 0.943910 0.697065 0.927384 0.719802 0.893279 0.744591 0.909806 0.2103
0 0.638346 0.835612 0.611654 0.808919 0.630859 0.789714 0.657552 0.816406 0.2052
0 0.549805 0.728841 0.541667 0.720703 0.565755 0.696615 0.573893 0.704753 0.1112
0 0.425926 0.818737 0.399544 0.817016 0.402948 0.764815 0.429331 0.766536 0.2001
0 0.652995 0.824870 0.623698 0.824870 0.623698 0.788411 0.652995 0.788411 0.2477
0 0.425782 0.791900 0.406078 0.774307 0.436609 0.740113 0.456313 0.757706 0.1887
0 0.511238 0.676308 0.504108 0.661571 0.533173 0.647507 0.540304 0.662244 0.2731
0 0.244469 0.803418 0.243483 0.793555 0.275520 0.790352 0.276506 0.800214 0.5723
0 0.438010 0.683515 0.425445 0.668508 0.479192 0.623511 0.491756 0.638518 0.0859
0 0.677094 0.926319 0.661726 0.913833 0.686998 0.882730 0.702365 0.895216 0.2281
0 0.501478 0.734129 0.498487 0.716181 0.530476 0.710850 0.533467 0.728797 0.3572
0 0.473039 0.541896 0.468712 0.524586 0.507162 0.514974 0.511489 0.532284 0.0895
0 0.510508 0.675186 0.506756 0.659550 0.535910 0.652554 0.539662 0.668189 0.4742
0 0.416298 0.822198 0.396071 0.813844 0.414613 0.768952 0.434840 0.777307 0.2121
0 0.722200 0.935482 0.697773 0.931992 0.703737 0.890247 0.728164 0.893737 0.1995
0 0.865234 0.999349 0.849609 0.999349 0.849609 0.989583 0.865234 0.989583 0.1165
0 0.504557 0.716797 0.486979 0.716797 0.486979 0.702474 0.504557 0.702474 0.2681
0 0.587610 0.784631 0.557050 0.759627 0.579588 0.732080 0.610148 0.757084 0.1293
0 0.805156 1.000000 0.794323 0.998411 0.810651 0.976641 0.821485 0.984766 0.1132
0 0.682356 0.332857 0.652020 0.274517 0.681313 0.259285 0.711649 0.317625 0.0613
0 0.654688 0.847786 0.643359 0.825130 0.674609 0.809505 0.685938 0.832161 0.2600
0 0.498200 0.696576 0.495711 0.686619 0.517310 0.681219 0.519799 0.691176 0.1783
0 0.805939 1.000000 0.794671 0.998748 0.809595 0.976362 0.820863 0.983874 0.1284
0 0.237891 0.789583 0.206250 0.779037 0.213542 0.757161 0.245182 0.767708 0.0747
0 0.605794 0.790039 0.588867 0.773112 0.613607 0.748372 0.630534 0.765300 0.2766
0 0.379362 0.817643 0.349479 0.807682 0.369206 0.748503 0.399089 0.758464 0.3082
0 0.421488 0.823086 0.391721 0.816552 0.402342 0.768165 0.432110 0.774700 0.1262
0 0.548043 0.894321 0.514342 0.874100 0.521810 0.861654 0.555511 0.881874 0.1036
0 0.727582 0.956592 0.710491 0.931668 0.751534 0.903524 0.768626 0.928448 0.1631
0 0.586015 0.856176 0.573511 0.847083 0.594485 0.818243 0.606989 0.827337 0.7746
0 0.366650 0.807048 0.350110 0.801295 0.369371 0.745919 0.385911 0.751672 0.2346
0 0.473116 0.541552 0.469018 0.525161 0.507315 0.515587 0.511412 0.531978 0.8742
0 0.356497 0.809435 0.327674 0.785852 0.365296 0.739870 0.394119 0.763453 0.2278
0 0.479742 0.603594 0.471181 0.589765 0.508969 0.566372 0.517530 0.580201 0.9044
0 0.638151 0.833861 0.605255 0.775545 0.638510 0.756786 0.671406 0.815102 0.0838
0 0.414063 0.819010 0.398698 0.811328 0.413672 0.781380 0.429036 0.789063 0.3812
0 0.507659 0.658892 0.504557 0.646484 0.535195 0.638825 0.538297 0.651233 0.7275
0 0.364776 0.807305 0.346950 0.801915 0.364775 0.742957 0.382601 0.748346 0.3011
0 0.490239 0.623388 0.486087 0.610239 0.521015 0.599209 0.525168 0.612358 0.1391
0 0.650623 0.821224 0.618526 0.817403 0.622815 0.781377 0.654912 0.785198 0.2383
0 0.502865 0.699740 0.498698 0.691406 0.520833 0.680339 0.525000 0.688672 0.4176
0 0.696876 0.934011 0.695475 0.893381 0.726150 0.892323 0.727551 0.932954 0.1926
0 0.628814 0.809670 0.607097 0.781003 0.635224 0.759694 0.656942 0.788361 0.1894
0 0.540556 0.502489 0.503916 0.499558 0.504967 0.486413 0.541608 0.489344 0.1110
0 0.423566 0.806376 0.407926 0.762300 0.437323 0.751869 0.452963 0.795945 0.1865
0 0.381716 0.753203 0.370185 0.736675 0.439209 0.688518 0.450741 0.705046 0.9174
0 0.690355 0.934846 0.671424 0.922226 0.692057 0.891276 0.710988 0.903896 0.2343
0 0.567919 0.869261 0.563151 0.866537 0.565675 0.862119 0.570443 0.864844 0.0769
0 0.533161 0.848821 0.509919 0.836516 0.516760 0.823594 0.540002 0.835899 0.0624
0 0.512194 0.664467 0.508719 0.659602 0.514754 0.655291 0.518229 0.660156 0.0930
0 0.722286 0.955439 0.675941 0.895853 0.706050 0.872436 0.752394 0.932021 0.1323
0 0.631780 0.808117 0.615584 0.787872 0.641467 0.767165 0.657663 0.787411 0.3058
0 0.349737 0.800332 0.324125 0.788948 0.329924 0.775901 0.355536 0.787284 0.1801
0 0.624327 0.233143 0.564355 0.119050 0.604071 0.098174 0.664043 0.212266 0.0847
0 0.422251 0.658779 0.417443 0.634741 0.431966 0.631836 0.436774 0.655874 0.0706
0 0.533529 0.851237 0.509019 0.836531 0.517291 0.822744 0.541801 0.837450 0.0844
0 0.433502 0.819691 0.422715 0.811176 0.444829 0.783164 0.455616 0.791680 0.3937
0 0.535091 0.675977 0.527865 0.673568 0.529688 0.668099 0.536914 0.670508 0.1257
0 0.593915 0.892180 0.560473 0.867337 0.570143 0.854320 0.603585 0.879163 0.0840
0 0.624349 0.792318 0.608203 0.784245 0.621615 0.757422 0.637760 0.765495 0.2912
0 0.686916 0.932374 0.673061 0.924730 0.687276 0.898965 0.701131 0.906609 0.4552
0 0.511132 0.672836 0.510507 0.657210 0.536169 0.656183 0.536794 0.671809 0.1193
0 0.478868 0.602317 0.471304 0.588450 0.509210 0.567775 0.516774 0.581641 0.1004
0 0.436849 0.855469 0.427083 0.845703 0.449870 0.822917 0.459635 0.832682 0.6348
0 0.806626 1.000000 0.793752 0.998617 0.808089 0.975677 0.820964 0.983724 0.6099
0 0.176358 0.775220 0.173849 0.747631 0.184533 0.746660 0.187041 0.774249 0.1989
0 0.620104 0.092865 0.610104 0.079531 0.631875 0.063203 0.641875 0.076536 0.0813
0 0.513672 0.679036 0.504557 0.679036 0.504557 0.669271 0.513672 0.669271 0.1240
0 0.448604 0.831313 0.424308 0.818355 0.446385 0.776961 0.470681 0.789918 0.1430
0 0.592094 0.782949 0.558127 0.763352 0.576282 0.731884 0.610249 0.751481 0.1002
0 0.451772 0.823375 0.436269 0.814332 0.454923 0.782353 0.470427 0.791397 0.5281
0 0.507437 0.659580 0.504632 0.645558 0.535682 0.639348 0.538487 0.653370 0.1849
0 0.533265 0.851166 0.509327 0.836537 0.517518 0.823133 0.541456 0.837762 0.0942
0 0.424609 0.659245 0.416862 0.636003 0.429362 0.631836 0.437109 0.655078 0.7742
0 0.439948 0.813359 0.433001 0.793676 0.463173 0.783027 0.470120 0.802710 0.1600
0 0.414033 0.823224 0.393258 0.810240 0.414253 0.776649 0.435028 0.789633 0.2137
0 0.380729 0.818750 0.361979 0.812500 0.378581 0.762695 0.397331 0.768945 0.6457
0 0.588742 0.771134 0.582482 0.769882 0.582983 0.767378 0.589243 0.768630 0.0688
0 0.269700 0.783461 0.217212 0.760967 0.225429 0.741795 0.277916 0.764289 0.1025
0 0.863932 0.999349 0.850260 0.999349 0.850260 0.989583 0.863932 0.989583 0.1003
0 0.508662 0.678870 0.506645 0.660720 0.536371 0.657417 0.538388 0.675567 0.4327
0 0.566797 0.937630 0.548177 0.900391 0.564323 0.892318 0.582943 0.929557 0.5923
0 0.430408 0.850864 0.413728 0.843135 0.438086 0.790573 0.454766 0.798302 0.1678
0 0.589069 0.785521 0.557448 0.758960 0.579892 0.732240 0.611513 0.758801 0.2771
0 0.419596 0.822591 0.394578 0.816942 0.402700 0.780973 0.427718 0.786623 0.1630
0 0.350000 0.801302 0.324740 0.788672 0.329948 0.778255 0.355208 0.790885 0.4364
0 0.715120 0.941790 0.687453 0.918379 0.714395 0.886539 0.742062 0.909950 0.1874
0 0.520385 0.692431 0.512007 0.682377 0.533459 0.664500 0.541837 0.674554 0.6579
0 0.507890 0.679159 0.506053 0.660788 0.536413 0.657752 0.538250 0.676123 0.3099
0 0.594110 0.891343 0.559982 0.868284 0.569140 0.854730 0.603268 0.877789 0.5456
0 0.596077 0.784450 0.558921 0.761833 0.577024 0.732091 0.614180 0.754708 0.2038
0 0.626762 0.828661 0.614545 0.779795 0.649625 0.771025 0.661841 0.819891 0.1775
0 0.727566 0.939092 0.698771 0.935664 0.704135 0.890606 0.732931 0.894034 0.1835
0 0.674525 0.873752 0.664323 0.861849 0.689790 0.840020 0.699992 0.851923 0.6621
0 0.596476 0.786387 0.558464 0.761534 0.577950 0.731732 0.615962 0.756585 0.1424
0 0.729145 0.958102 0.705084 0.926521 0.744393 0.896571 0.768454 0.928152 0.1677
0 0.682949 0.932448 0.665346 0.916199 0.692303 0.886995 0.709906 0.903244 0.2112
0 0.532435 0.849504 0.508207 0.836582 0.515776 0.822390 0.540004 0.835311 0.1049
0 0.424750 0.792528 0.401988 0.774825 0.417308 0.755128 0.440069 0.772831 0.0801
0 0.533403 0.851913 0.509515 0.835988 0.518329 0.822766 0.542217 0.838692 0.1243
0 0.510142 0.673009 0.506720 0.658752 0.536318 0.651648 0.539739 0.665905 0.3837
0 0.728350 0.950787 0.701227 0.930767 0.724839 0.898777 0.751962 0.918797 0.1993
0 0.669999 0.860371 0.662212 0.850787 0.682727 0.834119 0.690513 0.843703 0.6094
0 0.490866 0.623739 0.486109 0.610826 0.520563 0.598133 0.525321 0.611045 0.8686
0 0.864583 0.999349 0.848958 0.999349 0.848958 0.989583 0.864583 0.989583 0.2250
0 0.488507 0.718314 0.484898 0.701352 0.526881 0.692419 0.530490 0.709382 0.6869
0 0.676432 0.921224 0.662575 0.910982 0.682816 0.883596 0.696673 0.893839 0.2787
0 0.246299 0.763342 0.221042 0.753871 0.225216 0.742740 0.250473 0.752212 0.2041
0 0.585254 0.770259 0.562201 0.769710 0.563005 0.735953 0.586057 0.736502 0.2402
0 0.510599 0.690446 0.508297 0.669723 0.536022 0.666643 0.538324 0.687365 0.2939
0 0.675330 0.909342 0.660463 0.899981 0.685283 0.860559 0.700151 0.869920 0.4999
0 0.724484 0.938355 0.699859 0.934752 0.706325 0.890569 0.730950 0.894173 0.2452
0 0.619908 0.800893 0.608802 0.769427 0.641903 0.757744 0.653009 0.789211 0.2218
0 0.541848 0.503864 0.504397 0.500459 0.505667 0.486488 0.543118 0.489893 0.8512
0 0.266602 0.785482 0.247721 0.766602 0.255859 0.758464 0.274740 0.777344 0.0784
0 0.708984 0.901693 0.707031 0.899740 0.709635 0.897135 0.711589 0.899089 0.0834
0 0.697723 0.376943 0.653749 0.271672 0.687913 0.257401 0.731887 0.362672 0.9468
0 0.515374 0.670731 0.509752 0.658739 0.535206 0.646807 0.540827 0.658800 0.1092
0 0.567318 0.936719 0.549089 0.900260 0.563672 0.892969 0.581901 0.929427 0.0513
0 0.611641 0.792552 0.596016 0.780833 0.616875 0.753021 0.632500 0.764740 0.3651
0 0.618806 0.237005 0.516333 0.017421 0.567941 0.000000 0.670414 0.212922 0.8824
0 0.423368 0.785884 0.413416 0.762427 0.449814 0.746985 0.459766 0.770443 0.1571
0 0.436655 0.684755 0.424039 0.669685 0.479192 0.623511 0.491808 0.638581 0.9057
0 0.420839 0.795123 0.410193 0.761056 0.428395 0.755368 0.439041 0.789436 0.2276
0 0.529948 0.843099 0.529297 0.843099 0.529297 0.837240 0.529948 0.837240 0.0567
0 0.390859 0.828343 0.364771 0.826337 0.369359 0.766693 0.395447 0.768700 0.2201
0 0.864583 0.999349 0.849609 0.999349 0.849609 0.988932 0.864583 0.988932 0.0849
0 0.451218 0.823124 0.430197 0.809747 0.451134 0.776846 0.472155 0.790223 0.1554
0 0.634115 0.811849 0.615560 0.793294 0.639323 0.769531 0.657878 0.788086 0.2510
0 0.635742 0.836914 0.621745 0.822917 0.641602 0.803060 0.655599 0.817057 0.3331
0 0.425681 0.849760 0.411258 0.840144 0.430689 0.810998 0.445112 0.820613 0.2868
0 0.534634 0.140292 0.473950 0.002586 0.505940 0.000000 0.566624 0.126195 0.8949
