0 0.047195 0.116803 0.000000 0.073899 0.023886 0.040087 0.075371 0.082992 0.0634
0 0.999349 0.069661 0.965495 0.069661 0.965495 0.027344 0.999349 0.027344 0.2304
0 0.025786 0.102000 0.004210 0.067148 0.018487 0.058310 0.040063 0.093162 0.1047
0 0.875000 0.512370 0.834310 0.471680 0.856120 0.449870 0.896810 0.490560 0.2766
0 0.022069 0.398034 0.000000 0.305853 0.178280 0.186637 0.230903 0.278818 0.0777
0 0.029869 0.110489 0.019098 0.040481 0.051681 0.035469 0.062451 0.105476 0.1752
0 0.585287 0.385417 0.573828 0.362500 0.588151 0.355339 0.599609 0.378255 0.1716
0 0.735777 0.578275 0.695613 0.518029 0.719351 0.502204 0.759515 0.562450 0.2845
0 0.797526 0.999349 0.771484 0.999349 0.771484 0.976562 0.797526 0.976562 0.2019
0 0.685579 0.169886 0.682763 0.116375 0.711398 0.114867 0.714214 0.168379 0.2415
