0 0.323278 0.036489 0.315483 0.009764 0.350808 0.000000 0.358603 0.026185 0.0732
0 0.350325 0.042773 0.321224 0.033073 0.325716 0.019596 0.354818 0.029297 0.1126
0 0.362630 0.143880 0.355469 0.143880 0.355469 0.132812 0.362630 0.132812 0.0554
0 0.468510 0.233740 0.449547 0.230292 0.454068 0.205427 0.473031 0.208875 0.0658
0 0.302780 0.057926 0.278513 0.046506 0.286731 0.029042 0.310999 0.040462 0.1339
0 0.383042 0.084252 0.341123 0.081028 0.344979 0.030894 0.386899 0.034118 0.0767
0 0.337837 0.025862 0.331637 0.005196 0.350153 0.000000 0.356353 0.020308 0.0857
0 0.327196 0.029907 0.265950 0.012894 0.272283 0.000000 0.333529 0.007107 0.0538
0 0.345703 0.018880 0.298828 0.018880 0.298828 0.000000 0.345703 0.000000 0.0580
0 0.344401 0.014974 0.324219 0.014974 0.324219 0.000000 0.344401 0.000000 0.1048
0 0.309440 0.029362 0.275651 0.018099 0.279688 0.005990 0.313477 0.017253 0.1851
0 0.350120 0.017121 0.327843 0.013408 0.330377 0.000000 0.352653 0.001918 0.0823
0 0.365885 0.134766 0.345052 0.134766 0.345052 0.082682 0.365885 0.082682 0.8800
0 0.311145 0.021293 0.293400 0.007643 0.302984 0.000000 0.320729 0.008834 0.1604
0 0.333193 0.031857 0.275799 0.022600 0.278275 0.007249 0.335669 0.016506 0.2065
0 0.306980 0.034120 0.290334 0.007764 0.308019 0.000000 0.324665 0.022950 0.0737
0 0.329369 0.034081 0.321417 0.009230 0.350544 0.000000 0.358496 0.024760 0.0974
0 0.333158 0.072684 0.309863 0.035053 0.329272 0.023037 0.352568 0.060669 0.1651
0 0.333891 0.071087 0.308395 0.033693 0.327688 0.020539 0.353183 0.057933 0.1526
0 0.324620 0.078809 0.316519 0.040617 0.336153 0.036452 0.344255 0.074644 0.0832
0 0.349184 0.016575 0.326283 0.015144 0.327289 0.000000 0.350189 0.000484 0.1024
0 0.348647 0.034427 0.316175 0.032459 0.317141 0.016518 0.349614 0.018486 0.1996
0 0.340495 0.103516 0.339193 0.103516 0.339193 0.100260 0.340495 0.100260 0.0525
0 0.309843 0.031299 0.274243 0.018183 0.279200 0.004727 0.314801 0.017843 0.1286
0 0.304036 0.020833 0.264323 0.020833 0.264323 0.000000 0.304036 0.000000 0.0527
0 0.338121 0.074840 0.314629 0.034338 0.339017 0.020193 0.362508 0.060696 0.0997
0 0.322266 0.047526 0.306966 0.032227 0.317057 0.022135 0.332357 0.037435 0.1194
0 0.324380 0.048315 0.305722 0.032322 0.316981 0.019187 0.335639 0.035179 0.0798
0 0.315724 0.036399 0.275282 0.023955 0.280110 0.008263 0.320552 0.020707 0.1453
0 0.350260 0.024089 0.317708 0.024089 0.317708 0.000000 0.350260 0.000000 0.0866
0 0.324219 0.047526 0.306966 0.030273 0.320313 0.016927 0.337565 0.034180 0.0825
0 0.343722 0.031689 0.332770 0.007257 0.351127 0.000000 0.362079 0.023460 0.0635
0 0.300836 0.025384 0.298324 0.003406 0.345954 0.000000 0.348466 0.019941 0.0880
0 0.338542 0.022135 0.300130 0.022135 0.300130 0.000000 0.338542 0.000000 0.0837
0 0.324999 0.040571 0.279972 0.035274 0.282252 0.015896 0.327278 0.021193 0.0676
0 0.320051 0.033449 0.317033 0.006296 0.351761 0.002437 0.354778 0.029591 0.0741
0 0.334197 0.070454 0.306779 0.037391 0.327469 0.020234 0.354887 0.053296 0.1041
0 0.330729 0.078776 0.279046 0.044321 0.294271 0.021484 0.345953 0.055940 0.2421
0 0.318009 0.041216 0.310317 0.019421 0.345801 0.006897 0.353494 0.028692 0.0891
0 0.365885 0.134115 0.344401 0.134115 0.344401 0.082031 0.365885 0.082031 0.1409
0 0.152344 0.146484 0.133138 0.127279 0.161784 0.098633 0.180990 0.117839 0.0822
0 0.300456 0.058268 0.279622 0.037435 0.295573 0.021484 0.316406 0.042318 0.0561
0 0.341797 0.016276 0.301432 0.016276 0.301432 0.000000 0.341797 0.000000 0.0692
0 0.331055 0.028320 0.328157 0.002239 0.353309 0.000000 0.356207 0.025526 0.0701
0 0.351562 0.018880 0.326172 0.018880 0.326172 0.000000 0.351562 0.000000 0.0532
0 0.299947 0.030185 0.298749 0.006221 0.348916 0.003713 0.350114 0.027677 0.1044
0 0.327161 0.078542 0.278620 0.042135 0.294479 0.020990 0.343021 0.057396 0.0961
0 0.331969 0.077055 0.309870 0.035409 0.330699 0.024357 0.352797 0.066004 0.1404
0 0.333687 0.026766 0.330771 0.001986 0.353247 0.000000 0.356162 0.024122 0.0767
0 0.366536 0.133464 0.344401 0.133464 0.344401 0.082031 0.366536 0.082031 0.0633
0 0.304195 0.026820 0.301551 0.003025 0.350070 0.000000 0.352714 0.021429 0.0936
0 0.336742 0.040977 0.333870 0.029488 0.354243 0.024395 0.357116 0.035884 0.1010
0 0.383299 0.084363 0.340827 0.083113 0.342360 0.030979 0.384833 0.032229 0.0672
0 0.350911 0.017578 0.347656 0.017578 0.347656 0.000000 0.350911 0.000000 0.0729
0 0.339546 0.058254 0.311721 0.049641 0.320666 0.020741 0.348491 0.029354 0.1138
0 0.349609 0.026042 0.316406 0.026042 0.316406 0.003255 0.349609 0.003255 0.1070
0 0.332896 0.028092 0.276674 0.019659 0.280246 0.000000 0.336468 0.004279 0.1192
0 0.351562 0.019531 0.345703 0.019531 0.345703 0.000000 0.351562 0.000000 0.0887
0 0.350911 0.032552 0.313802 0.032552 0.313802 0.005208 0.350911 0.005208 0.0811
0 0.328481 0.077286 0.278098 0.045224 0.291180 0.024667 0.341563 0.056729 0.8758
0 0.315283 0.035324 0.314705 0.017982 0.348544 0.016854 0.349122 0.034196 0.1689
0 0.345734 0.039400 0.329350 0.021923 0.354709 0.000000 0.371094 0.015625 0.0697
0 0.369381 0.186021 0.340070 0.184296 0.342354 0.145483 0.371664 0.147207 0.0916
0 0.963980 0.082169 0.960612 0.061120 0.966529 0.060173 0.969897 0.081223 0.0630
0 0.301770 0.057358 0.278580 0.047212 0.285841 0.030614 0.309031 0.040759 0.1089
0 0.013360 0.489439 0.000000 0.452128 0.042307 0.328292 0.097331 0.365602 0.1139
0 0.310547 0.020833 0.268229 0.020833 0.268229 0.000000 0.310547 0.000000 0.0603
0 0.349609 0.017578 0.305990 0.017578 0.305990 0.000000 0.349609 0.000000 0.0593
0 0.364128 0.137956 0.346172 0.135391 0.349492 0.112148 0.367448 0.114714 0.0618
0 0.313167 0.033047 0.310961 0.009881 0.346416 0.006505 0.348622 0.029670 0.0910
0 0.314855 0.019512 0.296377 0.008425 0.304017 0.000000 0.322495 0.006778 0.1141
0 0.336589 0.016276 0.298828 0.016276 0.298828 0.000000 0.336589 0.000000 0.0599
0 0.347005 0.041667 0.312060 0.035842 0.315315 0.016311 0.350260 0.022135 0.0733
0 0.960938 0.938802 0.929688 0.938802 0.929688 0.900391 0.960938 0.900391 0.0720
0 0.345052 0.015625 0.324870 0.015625 0.324870 0.000000 0.345052 0.000000 0.1246
0 0.362630 0.024740 0.329427 0.024740 0.329427 0.000000 0.362630 0.000000 0.0561
0 0.314907 0.028200 0.276535 0.019345 0.279421 0.006840 0.317792 0.015694 0.2554
0 0.367184 0.188501 0.335335 0.183601 0.341612 0.142800 0.373461 0.147700 0.0517
0 0.350911 0.015625 0.331380 0.015625 0.331380 0.000000 0.350911 0.000000 0.0578
0 0.350260 0.014974 0.328125 0.014974 0.328125 0.000000 0.350260 0.000000 0.0674
0 0.349014 0.041319 0.323164 0.030240 0.328316 0.018218 0.354167 0.029297 0.1282
0 0.342917 0.042795 0.273675 0.022844 0.280894 0.000000 0.350136 0.017741 0.0796
0 0.342831 0.060665 0.321016 0.052152 0.333138 0.021090 0.354952 0.029603 0.0808
0 0.333300 0.072453 0.309455 0.034479 0.328546 0.022492 0.352390 0.060466 0.1726
0 0.320091 0.026142 0.298236 0.007302 0.314878 0.000000 0.336733 0.006837 0.1038
0 0.337240 0.020182 0.325195 0.008138 0.334635 0.000000 0.346680 0.010742 0.1717
0 0.307443 0.032315 0.305263 0.009964 0.348141 0.005780 0.350321 0.028132 0.0586
0 0.897859 0.250946 0.896435 0.232426 0.919784 0.230630 0.921209 0.249150 0.1266
0 0.315969 0.031915 0.279013 0.022060 0.282514 0.008931 0.319470 0.018786 0.1155
0 0.315929 0.023650 0.294570 0.010160 0.303713 0.000000 0.325072 0.009174 0.1148
