0 0.524707 0.100693 0.511313 0.093481 0.524002 0.069915 0.537396 0.077128 0.0750
0 0.523688 0.117238 0.517177 0.107472 0.538962 0.092949 0.545473 0.102714 0.0577
0 0.292827 0.774590 0.276356 0.764108 0.294022 0.736347 0.310493 0.746829 0.0784
0 0.588042 0.249689 0.578976 0.238748 0.606958 0.215563 0.616023 0.226504 0.0546
0 0.688737 0.456836 0.650651 0.427214 0.664288 0.409680 0.702374 0.439303 0.1556
0 0.736214 0.874971 0.715561 0.840118 0.736940 0.827449 0.757594 0.862302 0.0626
0 0.600912 0.290365 0.591146 0.280599 0.609375 0.262370 0.619141 0.272135 0.2079
0 0.566992 0.254753 0.558428 0.223352 0.595007 0.213376 0.603571 0.244777 0.1089
0 0.806250 0.074349 0.791992 0.031576 0.828516 0.019401 0.842773 0.062174 0.0817
0 0.996573 0.704378 0.974388 0.698040 0.980997 0.674909 1.000000 0.681248 0.1362
0 0.525226 0.118392 0.507658 0.099791 0.527674 0.080887 0.545242 0.099488 0.0930
0 0.591927 0.318750 0.566146 0.305859 0.590495 0.257161 0.616276 0.270052 0.4445
0 0.904796 0.771074 0.893617 0.751111 0.919349 0.736701 0.930529 0.756664 0.0954
0 0.730343 0.866414 0.714204 0.840187 0.727498 0.832006 0.743638 0.858232 0.0762
0 0.897135 0.759115 0.891074 0.743961 0.938106 0.725148 0.944168 0.740302 0.1583
0 0.438877 0.157928 0.435998 0.143530 0.466171 0.137495 0.469051 0.151893 0.0554
0 0.443359 0.162109 0.435807 0.147005 0.468359 0.130729 0.475911 0.145833 0.1778
0 0.246434 0.324124 0.239964 0.311993 0.246993 0.308245 0.253462 0.320376 0.0555
0 0.572226 0.309895 0.564721 0.294417 0.591110 0.281623 0.598614 0.297101 0.2961
0 0.894757 0.758288 0.891076 0.739884 0.941031 0.729893 0.944712 0.748297 0.7315
0 0.807943 0.606771 0.793620 0.606771 0.793620 0.574219 0.807943 0.574219 0.1627
0 0.525270 0.104072 0.509564 0.095011 0.524055 0.069893 0.539761 0.078954 0.0941
0 0.770614 0.560302 0.752073 0.536307 0.781071 0.513899 0.799612 0.537894 0.0568
0 0.771250 0.565793 0.760065 0.553780 0.788073 0.527704 0.799258 0.539717 0.0819
0 0.249805 0.418034 0.241797 0.394010 0.254297 0.389844 0.262305 0.413867 0.1749
0 0.999349 0.702474 0.973307 0.702474 0.973307 0.674479 0.999349 0.674479 0.0628
0 0.895963 0.758854 0.890495 0.742448 0.939128 0.726237 0.944596 0.742643 0.1863
0 0.840598 0.593457 0.836774 0.583623 0.869793 0.570782 0.873618 0.580616 0.1587
0 0.997198 0.705283 0.971142 0.699270 0.977232 0.672881 1.000000 0.678894 0.0586
0 0.910398 0.771024 0.896568 0.751815 0.920373 0.734675 0.934203 0.753884 0.1014
0 0.730394 0.866298 0.713711 0.840230 0.727585 0.831351 0.744268 0.857418 0.0626
0 0.293191 0.776497 0.275462 0.766155 0.293124 0.735876 0.310854 0.746219 0.4600
0 0.443564 0.160718 0.436870 0.145417 0.467915 0.131835 0.474609 0.147135 0.0580
0 0.564024 0.259960 0.558235 0.245711 0.585913 0.234466 0.591702 0.248716 0.0527
0 0.575195 0.264648 0.563477 0.252930 0.598958 0.217448 0.610677 0.229167 0.1167
0 0.444987 0.161133 0.435221 0.151367 0.447266 0.139323 0.457031 0.149089 0.0543
0 0.840374 0.594357 0.835820 0.584489 0.859559 0.573533 0.864113 0.583400 0.0888
0 0.642692 0.325115 0.635230 0.321604 0.644039 0.302886 0.651501 0.306397 0.0505
0 0.549479 0.127604 0.535807 0.127604 0.535807 0.111979 0.549479 0.111979 0.0730
0 0.526221 0.098265 0.513132 0.091495 0.524089 0.070312 0.537177 0.077082 0.0980
0 0.735610 0.874748 0.715863 0.839205 0.737145 0.827382 0.756891 0.862925 0.0577
0 0.297432 0.773974 0.285170 0.768525 0.297868 0.739953 0.310131 0.745402 0.0719
0 0.548177 0.127604 0.538411 0.127604 0.538411 0.114583 0.548177 0.114583 0.1839
0 0.644727 0.321680 0.637695 0.319336 0.643685 0.301367 0.650716 0.303711 0.1980
0 0.734575 0.874442 0.715593 0.839190 0.735859 0.828277 0.754841 0.863529 0.0721
0 0.689427 0.456849 0.650469 0.427630 0.663828 0.409818 0.702786 0.439036 0.8719
0 0.913411 0.757812 0.893880 0.757812 0.893880 0.746094 0.913411 0.746094 0.0601
0 0.586172 0.249661 0.578672 0.239661 0.606693 0.218646 0.614193 0.228646 0.1038
0 0.507091 0.134990 0.492259 0.119541 0.527251 0.085949 0.542082 0.101398 0.1617
0 0.559516 0.232773 0.558080 0.220572 0.583124 0.217626 0.584560 0.229827 0.1032
0 0.288176 0.772531 0.275826 0.762926 0.292758 0.741156 0.305108 0.750761 0.0972
0 0.997386 0.705123 0.971065 0.699482 0.977125 0.671205 1.000000 0.676845 0.0513
0 0.624725 0.337816 0.618264 0.305514 0.626653 0.303836 0.633113 0.336138 0.2816
0 0.840656 0.594282 0.836049 0.584410 0.864562 0.571104 0.869169 0.580976 0.0925
0 0.688982 0.456520 0.651437 0.427319 0.664548 0.410462 0.702093 0.439663 0.0812
0 0.524993 0.101260 0.511121 0.094067 0.523842 0.069533 0.537714 0.076727 0.0971
0 0.443099 0.162240 0.435547 0.147135 0.468359 0.130729 0.475911 0.145833 0.8598
0 0.924247 0.745013 0.921389 0.735726 0.941061 0.729673 0.943919 0.738960 0.1476
0 0.839915 0.594374 0.835634 0.582959 0.859322 0.574076 0.863602 0.585492 0.0571
0 0.897144 0.761814 0.889924 0.750081 0.916840 0.733517 0.924060 0.745250 0.1592
0 0.734172 0.874373 0.713762 0.839930 0.733696 0.828118 0.754106 0.862560 0.1903
0 0.546940 0.130013 0.533659 0.125586 0.538607 0.110742 0.551888 0.115169 0.0831
0 0.524351 0.116475 0.518360 0.106740 0.539864 0.093507 0.545855 0.103242 0.0546
0 0.599385 0.317516 0.569877 0.308295 0.584786 0.260586 0.614294 0.269807 0.0924
0 0.999349 0.700521 0.975911 0.700521 0.975911 0.673828 0.999349 0.673828 0.0509
0 0.451126 0.157130 0.443359 0.143880 0.466918 0.130070 0.474685 0.143320 0.0518
0 0.850075 0.589497 0.847091 0.581290 0.871607 0.572375 0.874591 0.580582 0.0988
0 0.757792 0.582704 0.734078 0.560472 0.776125 0.515622 0.799839 0.537854 0.3195
0 0.574185 0.264125 0.562737 0.251960 0.601138 0.215817 0.612587 0.227982 0.4450
0 0.688333 0.453750 0.651563 0.426172 0.663828 0.409818 0.700599 0.437396 0.0697
0 0.564193 0.951042 0.562981 0.941346 0.582292 0.938932 0.583504 0.948628 0.3343
0 0.668520 0.297553 0.658615 0.288813 0.679191 0.265493 0.689096 0.274233 0.1103
0 0.850557 0.589165 0.847841 0.581468 0.871304 0.573187 0.874021 0.580883 0.0775
0 0.507162 0.134766 0.492188 0.119792 0.525716 0.086263 0.540690 0.101237 0.1635
0 0.521159 0.122070 0.503581 0.104492 0.525716 0.082357 0.543294 0.099935 0.0852
0 0.992191 0.708182 0.971761 0.697366 0.983400 0.675380 1.000000 0.686196 0.0635
0 0.757232 0.543756 0.753262 0.526883 0.789331 0.518396 0.793302 0.535269 0.0830
