0 0.469401 0.041667 0.434245 0.041667 0.434245 0.021484 0.469401 0.021484 0.0829
0 0.018980 0.609225 0.012821 0.605118 0.043069 0.559746 0.049229 0.563852 0.1151
0 0.850424 0.192773 0.828424 0.149995 0.848607 0.139615 0.870607 0.182393 0.1224
0 0.708169 0.353796 0.693121 0.348607 0.707090 0.308098 0.722138 0.313287 0.1913
0 0.760221 0.496073 0.727945 0.487620 0.740410 0.440026 0.772686 0.448479 0.4125
0 0.761006 0.495718 0.727849 0.488350 0.738649 0.439752 0.771806 0.447120 0.1074
0 0.992297 0.391587 0.976884 0.385282 0.986674 0.361351 1.000000 0.367656 0.1032
0 0.411120 0.266042 0.396589 0.246667 0.422526 0.227214 0.437057 0.246589 0.1630
0 0.773862 0.231759 0.755570 0.181762 0.776031 0.174277 0.794322 0.224273 0.8108
0 0.689794 0.357626 0.664532 0.353079 0.674194 0.299402 0.699456 0.303949 0.3175
0 0.905208 0.209505 0.885677 0.170443 0.898698 0.163932 0.918229 0.202995 0.0754
0 0.895993 0.692475 0.884815 0.672354 0.892609 0.668024 0.903787 0.688145 0.4188
0 0.777536 0.290578 0.760869 0.287864 0.768382 0.241713 0.785049 0.244426 0.2198
0 0.122396 0.353516 0.095052 0.326172 0.107747 0.313477 0.135091 0.340820 0.1124
0 0.763808 0.271836 0.745794 0.270485 0.749021 0.227466 0.767035 0.228817 0.2808
0 0.750198 0.255380 0.747915 0.223410 0.766375 0.222091 0.768659 0.254062 0.3288
0 0.855469 0.308594 0.852865 0.305990 0.855469 0.303385 0.858073 0.305990 0.1132
0 0.922034 0.042657 0.915489 0.001751 0.930876 0.000000 0.937421 0.040195 0.0589
0 0.072463 0.377312 0.060319 0.331166 0.073202 0.327776 0.085346 0.373922 0.1051
0 0.827359 0.292777 0.810815 0.288641 0.820312 0.250651 0.836857 0.254787 0.2060
0 0.920133 0.044887 0.912796 0.000862 0.931271 0.000000 0.938609 0.041807 0.8446
0 0.912109 0.024089 0.855469 0.024089 0.855469 0.000000 0.912109 0.000000 0.1768
0 0.479912 0.218788 0.472758 0.208332 0.500952 0.189042 0.508106 0.199498 0.3972
0 0.869332 0.614547 0.841238 0.612329 0.846103 0.550710 0.874197 0.552928 0.1227
0 0.905469 0.213281 0.883464 0.169271 0.900391 0.160807 0.922396 0.204818 0.1403
0 0.668206 0.179834 0.647015 0.148863 0.659688 0.140191 0.680879 0.171163 0.1855
0 0.750732 0.287181 0.747791 0.237186 0.764507 0.236202 0.767448 0.286198 0.1948
0 0.633275 0.345841 0.618750 0.296734 0.649089 0.287760 0.663613 0.336868 0.0697
0 0.938964 0.731531 0.922538 0.699942 0.945742 0.687876 0.962168 0.719464 0.1961
0 0.388799 0.259671 0.376656 0.234036 0.421713 0.212693 0.433856 0.238328 0.1466
0 0.850000 0.192188 0.828125 0.148438 0.846094 0.139453 0.867969 0.183203 0.8885
0 0.764343 0.497268 0.728085 0.487649 0.740880 0.439425 0.777138 0.449044 0.1062
0 0.981198 0.429003 0.960354 0.380366 0.979526 0.372149 1.000000 0.420786 0.6658
0 0.656901 0.326823 0.647005 0.321875 0.661719 0.292448 0.671615 0.297396 0.6040
0 0.507337 0.239358 0.490660 0.226387 0.519757 0.188977 0.536433 0.201948 0.2374
0 0.655967 0.329126 0.641959 0.321208 0.663384 0.283301 0.677393 0.291219 0.1599
0 0.761580 0.497805 0.728100 0.487556 0.742696 0.439875 0.776177 0.450124 0.0976
0 0.778711 0.231315 0.762370 0.182292 0.778385 0.176953 0.794727 0.225977 0.2148
0 0.070354 0.381089 0.061458 0.332161 0.075036 0.329693 0.083932 0.378620 0.0865
0 0.644857 0.331706 0.631576 0.327279 0.646810 0.281576 0.660091 0.286003 0.5676
0 0.227865 0.420573 0.208984 0.420573 0.208984 0.366536 0.227865 0.366536 0.1118
0 0.515234 0.218620 0.507682 0.203516 0.532943 0.190885 0.540495 0.205990 0.2681
0 0.648741 0.323838 0.632025 0.323440 0.632850 0.288800 0.649566 0.289198 0.1125
0 0.409245 0.265104 0.401953 0.250521 0.432682 0.235156 0.439974 0.249740 0.2326
0 0.142353 0.383154 0.116339 0.347385 0.132985 0.335279 0.158998 0.371048 0.0940
0 0.764014 0.495794 0.728054 0.488438 0.738146 0.439100 0.774106 0.446455 0.1280
0 0.912760 0.024089 0.861328 0.024089 0.861328 0.000000 0.912760 0.000000 0.1454
0 0.847673 0.615760 0.828921 0.601554 0.868272 0.549610 0.887024 0.563816 0.7474
0 0.509699 0.239534 0.491577 0.226181 0.517645 0.190804 0.535766 0.204157 0.1919
0 0.825192 0.314941 0.806803 0.312366 0.813813 0.262293 0.832202 0.264868 0.1222
0 0.755172 0.284679 0.754085 0.231408 0.769478 0.231094 0.770565 0.284365 0.2494
0 0.778286 0.243123 0.762690 0.241672 0.766358 0.202239 0.781954 0.203690 0.1838
0 0.913411 0.024740 0.856771 0.024740 0.856771 0.000000 0.913411 0.000000 0.2785
0 0.728192 0.315875 0.709379 0.302192 0.728016 0.276566 0.746829 0.290248 0.1050
0 0.773081 0.490589 0.728380 0.489550 0.729512 0.440869 0.774213 0.441909 0.0520
0 0.140194 0.220394 0.138062 0.144677 0.166392 0.143879 0.168524 0.219596 0.4181
0 0.907953 0.643451 0.885977 0.642119 0.889378 0.586000 0.911354 0.587332 0.1865
0 0.678517 0.339623 0.664540 0.335430 0.675130 0.300130 0.689107 0.304323 0.3992
0 0.675916 0.334321 0.663816 0.329135 0.678498 0.294877 0.690598 0.300063 0.2310
0 0.046274 0.533454 0.038462 0.528245 0.044872 0.518630 0.052684 0.523838 0.1381
0 0.520127 0.260864 0.508805 0.231013 0.519187 0.227075 0.530510 0.256926 0.1738
0 0.889497 0.650473 0.872262 0.644530 0.884438 0.609217 0.901673 0.615160 0.1118
0 0.686898 0.330250 0.677685 0.298005 0.700386 0.291519 0.709599 0.323764 0.1413
0 0.505796 0.239012 0.490234 0.226563 0.505669 0.207269 0.521230 0.219719 0.2788
0 0.682292 0.328125 0.668620 0.328125 0.668620 0.294271 0.682292 0.294271 0.3380
0 0.072944 0.379790 0.060404 0.332138 0.072966 0.328832 0.085506 0.376484 0.5142
0 0.976671 0.428599 0.968691 0.374339 0.995793 0.370353 1.000000 0.424614 0.1605
0 0.640314 0.452548 0.609897 0.451787 0.611134 0.402290 0.641551 0.403050 0.7108
0 0.913411 0.024740 0.859375 0.024740 0.859375 0.000000 0.913411 0.000000 0.1808
0 0.888669 0.649154 0.875583 0.648499 0.877208 0.615996 0.890294 0.616650 0.1724
0 0.912760 0.023438 0.838542 0.023438 0.838542 0.000000 0.912760 0.000000 0.1303
0 0.982552 0.428646 0.959635 0.382812 0.978125 0.373568 1.000000 0.419401 0.2277
0 0.764135 0.495979 0.728017 0.488419 0.738318 0.439204 0.774436 0.446763 0.1373
0 0.895710 0.539724 0.864998 0.505503 0.888003 0.484858 0.918715 0.519079 0.0523
0 0.383057 0.249006 0.375421 0.237127 0.414215 0.212188 0.421852 0.224066 0.3179
0 0.806387 0.325838 0.771770 0.298145 0.790253 0.275041 0.824870 0.302734 0.2563
0 0.679332 0.329351 0.667905 0.326902 0.674727 0.295068 0.686153 0.297516 0.2373
0 0.643088 0.331574 0.629047 0.329234 0.635012 0.293444 0.649053 0.295784 0.2343
0 0.786449 0.328535 0.772376 0.291007 0.805838 0.278459 0.819911 0.315987 0.1323
0 0.766318 0.604808 0.737343 0.597784 0.749101 0.549281 0.778076 0.556305 0.7057
0 0.138177 0.384275 0.113232 0.339063 0.131992 0.328713 0.156937 0.373925 0.1317
0 0.623223 0.327241 0.621329 0.280829 0.642618 0.279960 0.644513 0.326372 0.0816
0 0.385321 0.258682 0.374935 0.231977 0.422219 0.213589 0.432604 0.240294 0.1678
0 0.538086 0.276367 0.524414 0.262695 0.558919 0.228190 0.572591 0.241862 0.3398
0 0.529899 0.260961 0.489550 0.225533 0.520979 0.189740 0.561327 0.225168 0.0943
0 0.414257 0.269959 0.395801 0.248987 0.422761 0.225262 0.441217 0.246234 0.0786
0 0.751829 0.266960 0.733428 0.265810 0.736328 0.219401 0.754730 0.220551 0.7177
0 0.036122 0.695068 0.000000 0.682460 0.018363 0.613416 0.058054 0.626023 0.0983
0 0.649395 0.330806 0.636834 0.327665 0.648323 0.281710 0.660884 0.284850 0.3293
0 0.764982 0.282060 0.743913 0.281032 0.746389 0.230277 0.767458 0.231304 0.0832
0 0.648160 0.331481 0.632854 0.328858 0.640723 0.282959 0.656028 0.285583 0.2756
0 0.381985 0.252656 0.374811 0.228265 0.422924 0.214114 0.430098 0.238505 0.1722
0 0.785156 0.325521 0.774023 0.292122 0.808594 0.280599 0.819727 0.313997 0.1014
0 0.752279 0.230794 0.736856 0.194807 0.756106 0.186557 0.771529 0.222544 0.2094
0 0.139655 0.383105 0.099233 0.321124 0.117225 0.309390 0.157648 0.371371 0.1646
0 0.384350 0.255758 0.374955 0.233836 0.422021 0.213665 0.431416 0.235587 0.0532
0 0.999349 0.404948 0.981771 0.404948 0.981771 0.365234 0.999349 0.365234 0.0525
0 0.692764 0.356282 0.675620 0.351753 0.689500 0.299209 0.706644 0.303737 0.2608
0 0.888618 0.649268 0.873387 0.644699 0.883296 0.611669 0.898527 0.616238 0.0703
0 0.850214 0.193009 0.830445 0.150430 0.851524 0.140643 0.871293 0.183222 0.0726
0 0.826900 0.292662 0.810968 0.288680 0.820466 0.250689 0.836397 0.254672 0.7163
0 0.040234 0.534245 0.035156 0.524089 0.048698 0.517318 0.053776 0.527474 0.0688
0 0.870443 0.025391 0.826172 0.025391 0.826172 0.005859 0.870443 0.005859 0.1870
0 0.763901 0.273945 0.745313 0.272396 0.748967 0.228538 0.767556 0.230087 0.2043
0 0.656253 0.330900 0.644527 0.325292 0.660734 0.291405 0.672460 0.297013 0.2448
0 0.214899 0.456880 0.205038 0.368132 0.226189 0.365782 0.236050 0.454530 0.8809
0 0.912760 0.024089 0.855469 0.024089 0.855469 0.000000 0.912760 0.000000 0.1427
0 0.828179 0.279476 0.820438 0.253673 0.829517 0.250950 0.837258 0.276752 0.1744
0 0.778312 0.279350 0.761209 0.276499 0.769408 0.227302 0.786511 0.230152 0.6574
0 0.543895 0.275648 0.523272 0.261212 0.551930 0.220271 0.572554 0.234707 0.1948
0 0.907963 0.644058 0.890445 0.643027 0.893822 0.585628 0.911339 0.586658 0.6537
0 0.390608 0.260603 0.377098 0.235835 0.420751 0.212024 0.434261 0.236793 0.1595
0 0.867188 0.025391 0.822266 0.025391 0.822266 0.005859 0.867188 0.005859 0.7963
0 0.680081 0.337671 0.662510 0.334945 0.669183 0.291945 0.686753 0.294671 0.1019
0 0.534739 0.271524 0.508585 0.231871 0.548161 0.205768 0.574315 0.245421 0.1824
0 0.763575 0.261215 0.747068 0.259202 0.751076 0.226329 0.767583 0.228342 0.2540
0 0.666274 0.181714 0.647633 0.148161 0.661950 0.140207 0.680590 0.173761 0.0679
0 0.755859 0.264323 0.735026 0.264323 0.735026 0.218750 0.755859 0.218750 0.1809
0 0.677720 0.353187 0.662694 0.349772 0.673432 0.302526 0.688458 0.305941 0.5737
0 0.228516 0.426432 0.208984 0.426432 0.208984 0.366536 0.228516 0.366536 0.1207
0 0.981106 0.429220 0.960624 0.379153 0.985898 0.368813 1.000000 0.418880 0.2865
0 0.140375 0.383413 0.098708 0.320913 0.116136 0.309295 0.157802 0.371795 0.8869
0 0.023446 0.695731 0.000000 0.680255 0.030976 0.614434 0.059348 0.629910 0.1848
0 0.850759 0.191732 0.828033 0.148954 0.845313 0.139775 0.868038 0.182552 0.1925
0 0.047135 0.535286 0.030729 0.527083 0.036979 0.514583 0.053385 0.522787 0.0581
0 0.942712 0.729310 0.932433 0.692307 0.949928 0.687448 0.960206 0.724451 0.6386
0 0.788581 0.289429 0.773438 0.284584 0.785133 0.248039 0.800275 0.252885 0.4473
0 0.755469 0.497266 0.726953 0.487760 0.742578 0.440885 0.771094 0.450391 0.1386
0 0.674288 0.353631 0.662952 0.350797 0.674900 0.303002 0.686236 0.305836 0.0920
0 0.695535 0.354144 0.678646 0.350391 0.689231 0.302757 0.706120 0.306510 0.5030
0 0.444106 0.048711 0.427756 0.028858 0.460480 0.001909 0.476830 0.021762 0.0727
0 0.036536 0.694413 0.000000 0.681833 0.018104 0.612909 0.058175 0.625489 0.0940
0 0.784710 0.290454 0.769307 0.283715 0.784951 0.247957 0.800354 0.254696 0.2641
0 0.676432 0.319010 0.672939 0.316216 0.679417 0.308117 0.682911 0.310912 0.0756
0 0.796171 0.718433 0.788570 0.672825 0.812324 0.668866 0.819925 0.714474 0.1430
0 0.676823 0.337109 0.663542 0.330469 0.680339 0.296875 0.693620 0.303516 0.2427
0 0.745919 0.256609 0.741258 0.217450 0.763191 0.214839 0.767853 0.253998 0.1393
0 0.906096 0.211963 0.882512 0.169510 0.898818 0.160451 0.922403 0.202904 0.8176
0 0.827329 0.561024 0.805311 0.556207 0.814022 0.516385 0.836040 0.521202 0.1247
0 0.891497 0.650268 0.873010 0.644986 0.884262 0.605604 0.902749 0.610886 0.1052
0 0.759701 0.488994 0.729056 0.488247 0.729872 0.454794 0.760516 0.455541 0.0771
0 0.955729 0.727214 0.940755 0.727214 0.940755 0.689453 0.955729 0.689453 0.1962
0 0.797676 0.718850 0.788487 0.672902 0.811899 0.668219 0.821089 0.714168 0.1342
0 0.664453 0.181120 0.647787 0.147786 0.662370 0.140495 0.679037 0.173828 0.0921
0 0.230469 0.445964 0.208984 0.445964 0.208984 0.366536 0.230469 0.366536 0.1225
0 0.912760 0.024089 0.856771 0.024089 0.856771 0.000000 0.912760 0.000000 0.1490
0 0.755327 0.266686 0.734118 0.265054 0.737385 0.222587 0.758594 0.224219 0.2460
0 0.125825 0.346793 0.102710 0.327880 0.108917 0.320293 0.132033 0.339206 0.0823
0 0.850902 0.190568 0.828894 0.148465 0.844780 0.140161 0.866788 0.182264 0.0749
0 0.693232 0.355388 0.675921 0.351142 0.688671 0.299164 0.705981 0.303410 0.2735
0 0.921074 0.044822 0.912360 0.001252 0.930263 0.000000 0.938977 0.041241 0.1568
0 0.436761 0.041603 0.433437 0.020832 0.469367 0.015084 0.472690 0.035854 0.2420
0 0.863021 0.028125 0.851823 0.005729 0.869531 0.000000 0.880729 0.019271 0.1892
0 0.707700 0.353034 0.694287 0.348004 0.708842 0.309191 0.722255 0.314221 0.7008
0 0.140137 0.220392 0.137891 0.144037 0.165728 0.143218 0.167974 0.219573 0.1108
0 0.758283 0.287712 0.755709 0.245235 0.770706 0.244326 0.773281 0.286803 0.2990
0 0.750675 0.324575 0.713898 0.307268 0.727796 0.277733 0.764574 0.295040 0.0750
0 0.795286 0.718698 0.788724 0.672760 0.813516 0.669219 0.820078 0.715156 0.7539
0 0.810547 0.311849 0.776693 0.311849 0.776693 0.289062 0.810547 0.289062 0.0802
0 0.752930 0.237956 0.738411 0.194401 0.759310 0.187435 0.773828 0.230990 0.6814
0 0.787391 0.286801 0.767759 0.278075 0.790741 0.226368 0.810372 0.235093 0.6330
0 0.768871 0.228206 0.755727 0.181261 0.776229 0.175520 0.789374 0.222465 0.2538
0 0.229167 0.455729 0.208984 0.455729 0.208984 0.369141 0.229167 0.369141 0.1096
0 0.766247 0.276598 0.749373 0.273689 0.757737 0.225180 0.774611 0.228089 0.1341
0 0.881510 0.220703 0.865885 0.173828 0.887956 0.166471 0.903581 0.213346 0.1894
0 0.798989 0.259001 0.779422 0.248465 0.791903 0.225287 0.811470 0.235823 0.4427
0 0.753833 0.607160 0.735166 0.556758 0.761841 0.546878 0.780508 0.597280 0.1704
0 0.802083 0.325521 0.773112 0.296549 0.794271 0.275391 0.823242 0.304362 0.2129
0 0.900531 0.531891 0.872808 0.503059 0.887576 0.488860 0.915299 0.517692 0.2014
0 0.563013 0.275014 0.510222 0.272160 0.512516 0.229720 0.565307 0.232574 0.1838
0 0.845052 0.025391 0.822266 0.025391 0.822266 0.006510 0.845052 0.006510 0.1770
0 0.897022 0.692918 0.883258 0.673256 0.891429 0.667536 0.905193 0.687199 0.0802
0 0.976835 0.427916 0.968320 0.373419 0.995091 0.369236 1.000000 0.423733 0.2468
0 0.516927 0.217448 0.509505 0.202604 0.532943 0.190885 0.540365 0.205729 0.2857
0 0.882422 0.220833 0.866732 0.173763 0.888216 0.166602 0.903906 0.213672 0.8429
0 0.809473 0.558917 0.796126 0.544989 0.827277 0.515136 0.840624 0.529064 0.7200
0 0.680590 0.355056 0.663726 0.353650 0.667277 0.311032 0.684142 0.312437 0.3153
