0 0.194661 0.999349 0.179688 0.999349 0.179688 0.958333 0.194661 0.958333 0.1415
0 0.122815 0.996155 0.103318 0.955107 0.122082 0.946194 0.141580 0.987242 0.2003
0 0.893844 0.672326 0.849233 0.625856 0.871052 0.604910 0.915663 0.651380 0.2498
0 0.582968 0.831471 0.565517 0.786099 0.577558 0.781468 0.595008 0.826840 0.7265
0 0.562500 0.860677 0.550781 0.860677 0.550781 0.809896 0.562500 0.809896 0.5117
0 0.659867 0.832640 0.647195 0.827422 0.667123 0.779025 0.679795 0.784243 0.8199
0 0.206984 0.838229 0.169925 0.797464 0.185317 0.783471 0.222376 0.824236 0.3002
0 0.205336 0.836764 0.172038 0.793061 0.186554 0.782002 0.219851 0.825705 0.5451
0 0.144762 0.953886 0.124359 0.927654 0.134906 0.919451 0.155308 0.945683 0.1522
0 0.681672 0.142828 0.649806 0.088655 0.670832 0.076287 0.702698 0.130459 0.7789
0 0.470307 0.913660 0.449742 0.867389 0.464361 0.860892 0.484925 0.907163 0.1271
0 0.719401 0.800781 0.686523 0.767904 0.697917 0.756510 0.730794 0.789388 0.1465
0 0.135941 1.000000 0.114409 0.978786 0.130050 0.966273 0.151582 0.993188 0.1893
0 0.849538 0.710238 0.833987 0.628596 0.849065 0.625724 0.864616 0.707366 0.6855
0 0.615928 0.208020 0.587614 0.157055 0.602815 0.148609 0.631130 0.199575 0.8622
0 0.132422 0.850391 0.113607 0.793945 0.133724 0.787240 0.152539 0.843685 0.2465
0 0.580128 0.270583 0.547175 0.221154 0.561298 0.211739 0.594251 0.261168 0.7355
0 0.841863 0.671741 0.833792 0.621969 0.846445 0.619918 0.854516 0.669689 0.0634
0 0.632503 0.146667 0.588200 0.141744 0.589796 0.127382 0.634099 0.132304 0.8188
0 0.108177 0.871172 0.083099 0.834948 0.094846 0.826815 0.119925 0.863039 0.6296
0 0.796077 0.707942 0.776557 0.692200 0.795829 0.668302 0.815350 0.684044 0.0939
0 0.991703 0.063295 0.952063 0.006668 0.975920 0.000000 1.000000 0.046595 0.5628
0 0.707414 0.084214 0.698989 0.050513 0.718137 0.045726 0.726563 0.079427 0.6738
0 0.194661 0.999349 0.179688 0.999349 0.179688 0.958333 0.194661 0.958333 0.1224
0 0.990701 0.675004 0.951944 0.631403 0.970492 0.614916 1.000000 0.658517 0.2460
0 0.632795 0.147892 0.588559 0.140519 0.590688 0.127745 0.634924 0.135118 0.0528
0 0.574921 0.317193 0.556679 0.315368 0.562558 0.256581 0.580800 0.258406 0.0988
0 0.286849 0.855599 0.263607 0.825716 0.271900 0.819266 0.295142 0.849149 0.6669
0 0.978297 0.694386 0.939490 0.657621 0.958240 0.637830 0.997047 0.674594 0.1371
0 0.144258 1.000000 0.121562 0.998021 0.125872 0.967852 0.148568 0.971094 0.1292
0 0.888021 0.677083 0.835938 0.625000 0.852539 0.608398 0.904622 0.660482 0.7733
0 0.944336 0.691732 0.880534 0.627930 0.897135 0.611328 0.960938 0.675130 0.7396
0 0.488231 0.767177 0.458984 0.723307 0.475060 0.712590 0.504307 0.756460 0.1506
0 0.513185 0.244493 0.512308 0.228700 0.557452 0.226192 0.558329 0.241985 0.4896
0 0.228336 0.961339 0.221779 0.910522 0.245267 0.907491 0.251824 0.958308 0.1245
0 0.518024 0.940695 0.493134 0.895205 0.504289 0.889102 0.529180 0.934592 0.7594
0 0.815423 0.711226 0.803659 0.644560 0.822414 0.641250 0.834179 0.707916 0.1980
0 0.073407 0.888244 0.059602 0.851429 0.072943 0.846426 0.086749 0.883241 0.7308
0 0.171410 0.936438 0.134602 0.922877 0.140727 0.906253 0.177534 0.919814 0.1589
0 0.170593 0.936641 0.135497 0.921043 0.142397 0.905519 0.177493 0.921117 0.5355
0 0.217578 0.723047 0.197396 0.662500 0.218490 0.655469 0.238672 0.716016 0.2241
0 0.544529 0.856797 0.523122 0.830632 0.542302 0.814940 0.563709 0.841104 0.1680
0 0.146094 0.850391 0.124619 0.812810 0.140675 0.803636 0.162149 0.841216 0.2501
0 0.247412 0.825664 0.200330 0.787999 0.212716 0.772516 0.259797 0.810182 0.5341
0 0.145678 0.953505 0.123779 0.928478 0.133642 0.919847 0.155541 0.944875 0.4879
0 0.146592 0.955199 0.122634 0.928246 0.134191 0.917973 0.158149 0.944926 0.1510
0 0.488669 0.767417 0.460872 0.722941 0.472517 0.715663 0.500315 0.760139 0.7345
0 0.709258 0.094071 0.689809 0.071239 0.703558 0.059527 0.723008 0.082359 0.3605
0 0.947968 0.691385 0.922776 0.669972 0.936414 0.653927 0.961606 0.675340 0.2137
0 0.145405 0.955031 0.123555 0.927719 0.135782 0.917937 0.157631 0.945249 0.1905
0 0.524731 0.191260 0.484949 0.170504 0.492192 0.156621 0.531975 0.177376 0.1547
0 0.094922 0.866797 0.082181 0.844501 0.090875 0.839533 0.103616 0.861829 0.2902
0 0.524815 0.190528 0.485387 0.170412 0.492181 0.157097 0.531609 0.177213 0.0562
0 0.547068 0.162473 0.543068 0.114467 0.555999 0.113389 0.559999 0.161395 0.7694
0 0.991682 0.061876 0.953915 0.006574 0.976742 0.000000 1.000000 0.046287 0.2719
0 0.439894 0.772015 0.401052 0.749820 0.412149 0.730399 0.450992 0.752594 0.3090
0 0.516927 0.752604 0.477539 0.713216 0.491862 0.698893 0.531250 0.738281 0.1935
0 0.245117 0.784831 0.216471 0.756185 0.228516 0.744141 0.257161 0.772787 0.2593
0 0.171439 0.937017 0.135497 0.921043 0.142907 0.904371 0.178849 0.920345 0.1866
0 0.427011 0.770263 0.379652 0.728165 0.391110 0.715275 0.438470 0.757372 0.4625
0 0.516276 0.751953 0.477539 0.713216 0.491211 0.699544 0.529948 0.738281 0.7776
0 0.039144 0.928594 0.000000 0.867277 0.018893 0.855122 0.058136 0.916439 0.7933
0 0.399480 0.774956 0.329178 0.773241 0.329570 0.757181 0.399872 0.758895 0.3034
0 0.699383 0.854384 0.678449 0.820051 0.699620 0.807142 0.720554 0.841475 0.1476
0 0.547980 0.858718 0.523286 0.832480 0.542639 0.814266 0.567333 0.840503 0.1738
0 0.269206 0.808268 0.219401 0.758464 0.236328 0.741536 0.286133 0.791341 0.6043
0 0.411618 0.779489 0.343467 0.773293 0.344988 0.756564 0.413139 0.762759 0.4219
0 0.076823 0.875651 0.058268 0.857096 0.066732 0.848633 0.085286 0.867188 0.1169
0 0.065407 1.000000 0.051471 0.994169 0.056313 0.987511 0.070249 0.997646 0.2101
0 0.999349 0.679036 0.952474 0.679036 0.952474 0.625000 0.999349 0.625000 0.1114
0 0.181771 1.000000 0.177677 0.957409 0.191380 0.956104 0.195473 0.999086 0.1606
0 0.697566 0.071460 0.695883 0.050423 0.719973 0.048496 0.721656 0.069533 0.0844
0 0.175226 0.908797 0.157418 0.879117 0.168141 0.872683 0.185949 0.902363 0.6462
0 0.719303 0.129698 0.693911 0.062311 0.716384 0.053843 0.741777 0.121230 0.4615
0 0.203482 0.899590 0.181825 0.874839 0.190306 0.867418 0.211963 0.892169 0.6649
0 0.596815 0.821781 0.589704 0.806668 0.636984 0.784419 0.644096 0.799531 0.7620
0 0.944336 0.690430 0.899740 0.645833 0.915690 0.629883 0.960287 0.674479 0.1721
0 0.130985 1.000000 0.125225 0.973132 0.139248 0.970328 0.145007 0.999124 0.1220
0 0.795307 0.702638 0.721724 0.691019 0.724447 0.673768 0.798031 0.685387 0.1968
0 0.298494 0.782019 0.297502 0.757215 0.356886 0.754839 0.357878 0.779643 0.1829
0 0.247070 0.824544 0.210286 0.787760 0.222982 0.775065 0.259766 0.811849 0.3984
0 0.470934 0.914146 0.449422 0.868432 0.464283 0.861439 0.485795 0.907152 0.0906
0 0.194443 0.979789 0.190571 0.921714 0.207812 0.920564 0.211684 0.978640 0.7869
0 0.596837 0.821222 0.589900 0.805036 0.638930 0.784023 0.645867 0.800209 0.1516
0 0.118490 0.991537 0.100260 0.955078 0.110417 0.950000 0.128646 0.986458 0.2160
0 0.446940 0.754232 0.404948 0.712240 0.416341 0.700846 0.458333 0.742839 0.6744
0 0.146040 0.973863 0.117378 0.950934 0.124682 0.941803 0.153344 0.964733 0.2105
0 0.429389 0.768592 0.377594 0.731184 0.388632 0.715900 0.440428 0.753308 0.4233
0 0.300852 0.783143 0.299404 0.757798 0.375754 0.753435 0.377203 0.778780 0.1753
0 0.236094 0.962578 0.214819 0.912051 0.232166 0.904747 0.253441 0.955274 0.6322
0 0.614583 0.208333 0.588802 0.156771 0.604948 0.148698 0.630729 0.200260 0.0749
0 0.101119 0.873592 0.079636 0.838540 0.093391 0.830109 0.114874 0.865161 0.3240
0 0.458659 0.776367 0.428385 0.746094 0.440104 0.734375 0.470378 0.764648 0.3806
0 0.216350 0.727527 0.185802 0.669825 0.214518 0.654622 0.245066 0.712324 0.6777
0 0.118620 0.989844 0.101042 0.954688 0.110156 0.950130 0.127734 0.985286 0.1486
0 0.247396 0.940104 0.238281 0.940104 0.238281 0.914062 0.247396 0.914062 0.1065
0 0.069010 0.999349 0.061198 0.999349 0.061198 0.994792 0.069010 0.994792 0.1793
0 0.728879 0.127125 0.706821 0.090361 0.721852 0.081342 0.743911 0.118107 0.2881
0 0.998411 0.621693 0.965912 0.597318 0.974974 0.585234 1.000000 0.609609 0.7299
0 0.660513 0.027725 0.648352 0.005835 0.659849 0.000000 0.672010 0.021337 0.1239
0 0.146384 0.850154 0.124407 0.811084 0.140047 0.802286 0.162024 0.841356 0.2743
0 0.234049 0.819336 0.201172 0.786458 0.214518 0.773112 0.247396 0.805990 0.3508
0 0.118185 0.991527 0.101340 0.955030 0.112941 0.949676 0.129786 0.986172 0.1371
0 0.469931 0.910210 0.450950 0.867503 0.464844 0.861328 0.483825 0.904035 0.4790
0 0.117331 0.990414 0.102442 0.955051 0.110999 0.951448 0.125888 0.986811 0.5631
0 0.467650 0.769952 0.433620 0.761075 0.437727 0.745332 0.471756 0.754209 0.3089
0 0.884057 0.679394 0.833418 0.625138 0.852857 0.606995 0.903496 0.661251 0.3042
0 0.820657 0.712316 0.804190 0.646446 0.819508 0.642616 0.835976 0.708487 0.6969
0 0.116918 0.991514 0.102101 0.954472 0.113214 0.950027 0.128031 0.987069 0.1560
0 0.663086 0.029622 0.643880 0.010417 0.654297 0.000000 0.673503 0.019206 0.0781
0 0.178558 0.821973 0.165905 0.800463 0.177257 0.793786 0.189910 0.815295 0.3191
0 0.791571 0.696942 0.766835 0.692577 0.767923 0.686412 0.792659 0.690777 0.0577
0 0.265579 0.808372 0.237484 0.768651 0.251645 0.758634 0.279741 0.798356 0.2479
0 0.248372 0.913737 0.234766 0.872917 0.246875 0.868880 0.260482 0.909700 0.7181
0 0.749952 0.693175 0.721121 0.690192 0.722400 0.677820 0.751232 0.680803 0.2547
0 0.068359 0.999349 0.052083 0.999349 0.052083 0.989583 0.068359 0.989583 0.3692
0 0.103192 0.875576 0.078569 0.839228 0.093900 0.828842 0.118523 0.865191 0.0961
0 0.069010 0.999349 0.052734 0.999349 0.052734 0.989583 0.069010 0.989583 0.1606
0 0.679957 0.829372 0.677010 0.792032 0.685455 0.791366 0.688402 0.828705 0.1041
0 0.559245 0.243490 0.512370 0.243490 0.512370 0.224609 0.559245 0.224609 0.2373
0 0.267839 0.988151 0.251042 0.954557 0.262240 0.948958 0.279036 0.982552 0.6235
0 0.976615 0.698203 0.941068 0.650807 0.959297 0.637135 0.994844 0.684531 0.7975
0 0.128198 1.000000 0.112184 0.970195 0.130655 0.961446 0.146669 0.995253 0.1462
0 0.712211 0.100693 0.691683 0.077232 0.705510 0.065133 0.726038 0.088594 0.3307
0 0.411271 0.777088 0.332842 0.772186 0.333835 0.756298 0.412264 0.761199 0.2839
0 0.170566 0.937190 0.135513 0.920695 0.142285 0.906303 0.177338 0.922799 0.1428
0 0.524870 0.190495 0.484505 0.170313 0.492318 0.154688 0.532682 0.174870 0.0936
0 0.268722 0.954779 0.258024 0.953090 0.264802 0.910163 0.275500 0.911853 0.6091
0 0.577395 0.317663 0.558710 0.316495 0.562358 0.258129 0.581043 0.259297 0.1688
0 0.472822 0.917468 0.447142 0.871814 0.462690 0.863069 0.488370 0.908723 0.1180
0 0.184999 0.841994 0.141572 0.793139 0.155110 0.781106 0.198536 0.829961 0.6530
0 0.207357 0.834961 0.169596 0.797201 0.184245 0.782552 0.222005 0.820312 0.2797
0 0.136340 0.855721 0.113101 0.794017 0.136782 0.785099 0.160021 0.846803 0.6144
0 0.132118 1.000000 0.125646 0.973545 0.138815 0.970552 0.145287 0.999029 0.5482
0 0.856038 0.670799 0.825227 0.627015 0.840273 0.616427 0.871084 0.660211 0.2007
0 0.132118 1.000000 0.125582 0.973264 0.138610 0.970303 0.145146 0.999061 0.5406
0 0.728222 0.127638 0.705797 0.087592 0.721200 0.078966 0.743626 0.119012 0.5180
0 0.990294 0.676589 0.951367 0.632354 0.970681 0.615358 1.000000 0.659592 0.1810
0 0.687500 0.813802 0.670573 0.813802 0.670573 0.777344 0.687500 0.777344 0.1074
0 0.471875 0.917708 0.448177 0.870313 0.464063 0.862370 0.487760 0.909766 0.0921
0 0.830503 0.702846 0.808642 0.642365 0.832507 0.633739 0.854368 0.694220 0.1258
0 0.313525 0.779122 0.313026 0.757649 0.412324 0.755340 0.412824 0.776812 0.1564
0 0.524108 0.190562 0.485357 0.170379 0.492309 0.157032 0.531059 0.177215 0.4001
0 0.840795 0.663612 0.832557 0.622421 0.846955 0.619541 0.855193 0.660732 0.2223
0 0.181966 1.000000 0.178119 0.958003 0.191326 0.956802 0.195174 0.999125 0.6887
0 0.660141 0.026762 0.646147 0.004772 0.657016 0.000000 0.671010 0.019845 0.1740
0 0.838746 0.710243 0.832369 0.622239 0.859739 0.620256 0.866116 0.708260 0.0832
0 0.798625 0.698800 0.720847 0.696207 0.721476 0.677348 0.799254 0.679940 0.1103
0 0.699316 0.854005 0.682292 0.822917 0.702326 0.811946 0.719350 0.843034 0.1205
0 0.551827 0.860896 0.549490 0.809481 0.562307 0.808899 0.564644 0.860313 0.1577
0 0.558594 0.242839 0.512370 0.242839 0.512370 0.224609 0.558594 0.224609 0.2345
0 0.201445 0.898650 0.180483 0.876455 0.189296 0.868132 0.210258 0.890326 0.2963
0 0.699669 0.853215 0.663612 0.799129 0.682843 0.786308 0.718900 0.840395 0.1368
0 0.719009 0.802101 0.687229 0.765781 0.698015 0.756343 0.729795 0.792663 0.7941
0 0.268620 0.982943 0.262760 0.965365 0.268620 0.963411 0.274479 0.980990 0.1047
0 0.128052 0.978971 0.118894 0.944953 0.142989 0.938466 0.152147 0.972484 0.2867
0 0.524413 0.191135 0.485057 0.170202 0.492167 0.156835 0.531523 0.177769 0.1115
0 0.170684 0.938557 0.134338 0.922036 0.142498 0.904083 0.178845 0.920604 0.1982
0 0.660036 0.027133 0.646775 0.003926 0.658063 0.000000 0.671324 0.020683 0.1733
0 0.574777 0.317513 0.558611 0.316470 0.562375 0.258119 0.578542 0.259162 0.5855
0 0.068359 0.999349 0.053385 0.999349 0.053385 0.988932 0.068359 0.988932 0.0545
0 0.733877 0.809207 0.720473 0.755591 0.734413 0.752106 0.747817 0.805722 0.7940
0 0.561243 0.417430 0.558167 0.365145 0.580264 0.363845 0.583340 0.416130 0.7720
0 0.524748 0.191234 0.484952 0.170507 0.492131 0.156723 0.531927 0.177450 0.1208
0 0.518526 0.938469 0.493707 0.896038 0.503363 0.890390 0.528182 0.932821 0.0673
0 0.703355 0.096622 0.693819 0.058479 0.718942 0.052198 0.728477 0.090342 0.1106
0 0.563802 0.860677 0.548828 0.860677 0.548828 0.809245 0.563802 0.809245 0.2128
0 0.170703 0.937240 0.136328 0.920052 0.143229 0.906250 0.177604 0.923438 0.1298
0 0.680879 0.816626 0.674922 0.778331 0.685954 0.776615 0.691911 0.814910 0.6041
0 0.561385 0.417419 0.556731 0.366232 0.578685 0.364236 0.583339 0.415423 0.1409
0 0.729467 0.128055 0.696815 0.079077 0.713341 0.068059 0.745994 0.117037 0.1521
0 0.699680 0.854123 0.677369 0.818425 0.698085 0.805478 0.720396 0.841175 0.2073
0 0.976474 0.698078 0.944060 0.651258 0.962680 0.638367 0.995094 0.685188 0.0946
0 0.652743 0.139255 0.628608 0.092404 0.650217 0.081272 0.674352 0.128123 0.7847
0 0.731634 0.807944 0.717762 0.755229 0.732086 0.751459 0.745959 0.804175 0.1454
0 0.722656 0.081380 0.698568 0.081380 0.698568 0.048828 0.722656 0.048828 0.0527
0 0.150859 0.975937 0.117318 0.950781 0.125208 0.940260 0.158750 0.965417 0.5784
0 0.575618 0.255929 0.540616 0.236393 0.553297 0.213674 0.588299 0.233210 0.2711
0 0.793542 0.702370 0.720443 0.691927 0.722930 0.674518 0.796029 0.684961 0.6411
0 0.548177 0.858073 0.522787 0.832682 0.541341 0.814128 0.566732 0.839518 0.1748
0 0.133509 0.993309 0.115024 0.946256 0.139557 0.936617 0.158043 0.983671 0.1460
0 0.672295 0.124846 0.647339 0.089332 0.666574 0.075815 0.691530 0.111329 0.1309
0 0.917382 0.666235 0.880258 0.626256 0.897788 0.609978 0.934912 0.649957 0.3378
0 0.171828 0.932442 0.135839 0.930325 0.136941 0.911586 0.172930 0.913703 0.2150
0 0.248111 0.824353 0.201011 0.787888 0.214175 0.770883 0.261276 0.807348 0.2839
0 0.269286 0.956962 0.250965 0.955553 0.254193 0.913584 0.272515 0.914993 0.1325
0 0.228027 0.962030 0.221376 0.910489 0.246475 0.907251 0.253125 0.958791 0.1872
0 0.992839 0.675130 0.950521 0.632813 0.967773 0.615560 1.000000 0.657878 0.7430
0 0.345483 0.772196 0.295579 0.769423 0.296378 0.755036 0.346282 0.757809 0.4821
0 0.940634 0.692570 0.903127 0.649705 0.920688 0.634339 0.958195 0.677204 0.2371
0 0.116108 0.992348 0.101687 0.953892 0.113317 0.949531 0.127738 0.987987 0.1911
0 0.201823 0.899089 0.180013 0.877279 0.189128 0.868164 0.210938 0.889974 0.2612
0 0.524870 0.190495 0.485026 0.170573 0.492578 0.155469 0.532422 0.175391 0.0692
