0 0.502734 0.730208 0.488151 0.722917 0.508333 0.682552 0.522917 0.689844 0.0856
0 0.054688 0.843750 0.000000 0.843750 0.000000 0.632161 0.054688 0.632161 0.1273
0 0.681610 0.456623 0.615663 0.423126 0.649072 0.357352 0.715020 0.390849 0.0546
0 0.453432 0.442807 0.399813 0.413018 0.409855 0.394943 0.463474 0.424731 0.0673
0 0.272708 1.000000 0.008281 0.950603 0.241758 0.544353 0.506184 0.696322 0.0708
0 0.464153 0.158273 0.441787 0.145493 0.469952 0.096204 0.492318 0.108984 0.0622
0 0.430339 0.507813 0.399870 0.492578 0.412891 0.466536 0.443359 0.481771 0.0589
0 0.596354 0.574219 0.544011 0.548047 0.557422 0.521224 0.609766 0.547396 0.0690
0 0.508693 0.252336 0.491230 0.247970 0.498507 0.218865 0.515970 0.223231 0.0564
0 0.299045 0.257244 0.179057 0.211534 0.252912 0.017664 0.372900 0.063374 0.0539
0 0.367818 0.468153 0.308826 0.445680 0.319459 0.417768 0.378451 0.440241 0.0544
0 0.438256 0.606779 0.383377 0.569300 0.393035 0.555158 0.447915 0.592637 0.0750
0 0.516051 0.740831 0.500981 0.733876 0.521046 0.690403 0.536115 0.697358 0.0866
0 0.273119 0.256013 0.177320 0.206853 0.226317 0.111373 0.322115 0.160533 0.0564
0 0.270052 0.254167 0.182292 0.210286 0.215495 0.143880 0.303255 0.187760 0.2454
0 0.234272 0.466515 0.185124 0.418510 0.305011 0.295768 0.354159 0.343773 0.1377
0 0.255757 0.254307 0.171102 0.192578 0.217456 0.129007 0.302112 0.190735 0.0617
0 0.055339 0.846354 0.000000 0.846354 0.000000 0.631510 0.055339 0.631510 0.8969
0 0.276378 1.000000 0.010373 0.953895 0.235849 0.543528 0.501854 0.689685 0.0702
0 0.311732 0.259018 0.187797 0.219584 0.249427 0.025889 0.373362 0.065323 0.2366
0 0.494604 0.313126 0.466180 0.300768 0.500647 0.221494 0.529071 0.233852 0.0572
0 0.571410 1.000000 0.509285 0.989007 0.522449 0.958918 0.584574 0.986098 0.0899
0 0.556070 0.426784 0.461596 0.384022 0.532093 0.228274 0.626567 0.271035 0.0904
0 0.288470 0.257186 0.183195 0.212860 0.238673 0.081100 0.343948 0.125426 0.1061
0 0.415196 0.108392 0.404096 0.009605 0.467233 0.002511 0.478332 0.101298 0.1361
0 0.281845 0.255844 0.169255 0.203088 0.284090 0.000000 0.396680 0.010769 0.0845
0 0.985715 0.992766 0.967331 0.989825 0.990817 0.843036 1.000000 0.845977 0.0738
0 0.499794 0.948530 0.480182 0.940014 0.511343 0.868249 0.530955 0.876765 0.0703
0 0.328459 0.260106 0.187112 0.222051 0.255949 0.000000 0.397296 0.004425 0.0947
0 0.393229 0.059245 0.260417 0.059245 0.260417 0.000000 0.393229 0.000000 0.0768
0 0.297526 0.260417 0.175400 0.211566 0.276693 0.000000 0.398819 0.007184 0.8514
0 0.712833 0.714041 0.649077 0.685247 0.662595 0.655314 0.726351 0.684107 0.0897
0 0.720150 0.998062 0.674065 0.990972 0.693514 0.864557 0.739598 0.871647 0.0624
0 0.630846 0.888962 0.578067 0.864971 0.602169 0.811947 0.654948 0.835937 0.0850
0 0.295935 0.258768 0.176407 0.210665 0.277413 0.000000 0.396941 0.007782 0.0841
0 0.652083 0.200391 0.592969 0.170833 0.632682 0.091406 0.691797 0.120964 0.0750
0 0.461049 0.183661 0.434814 0.171504 0.469070 0.097582 0.495305 0.109740 0.0976
0 0.445648 0.915100 0.429602 0.907272 0.455662 0.853848 0.471709 0.861676 0.0520
0 0.391927 0.058594 0.253255 0.058594 0.253255 0.000000 0.391927 0.000000 0.1010
