0 0.061302 0.681679 0.014100 0.664514 0.021722 0.643552 0.068925 0.660717 0.1722
0 0.029297 0.633464 0.000000 0.633464 0.000000 0.600260 0.029297 0.600260 0.1592
0 0.511003 0.158659 0.505013 0.140690 0.537240 0.129948 0.543229 0.147917 0.0706
0 0.371591 0.348036 0.331630 0.322728 0.341842 0.306604 0.381803 0.331912 0.7495
0 0.419371 0.347506 0.381210 0.322065 0.388321 0.311398 0.426482 0.336839 0.1085
0 0.433814 0.205848 0.388812 0.199711 0.392068 0.175830 0.437071 0.181967 0.1125
0 0.166566 0.515775 0.117738 0.483223 0.130258 0.464443 0.179087 0.496995 0.0920
0 0.440191 0.156353 0.418542 0.143031 0.457146 0.080299 0.478795 0.093621 0.2145
0 0.422201 0.311523 0.393555 0.282878 0.407552 0.268880 0.436198 0.297526 0.2027
0 0.032209 0.648006 0.000000 0.618402 0.004971 0.598510 0.046417 0.628114 0.1809
0 0.464193 0.173177 0.461589 0.170573 0.463867 0.168294 0.466471 0.170898 0.0508
0 0.165390 0.513921 0.117086 0.482868 0.128763 0.464705 0.177067 0.495758 0.0640
0 0.394746 0.242214 0.386337 0.207175 0.418347 0.199493 0.426756 0.234532 0.2639
0 0.392941 0.223860 0.376004 0.195067 0.407586 0.176489 0.424523 0.205282 0.3314
0 0.551758 0.323242 0.544922 0.316406 0.551758 0.309570 0.558594 0.316406 0.0552
0 0.469464 0.157942 0.449894 0.151135 0.469252 0.095481 0.488821 0.102288 0.1264
0 0.017708 0.072656 0.000000 0.062630 0.001302 0.055339 0.021354 0.065365 0.1190
0 0.427959 0.243058 0.390264 0.232503 0.398324 0.203718 0.436019 0.214273 0.1688
0 0.393868 0.234244 0.374051 0.226573 0.385526 0.196930 0.405343 0.204601 0.1025
0 0.473209 0.153966 0.452622 0.147632 0.469809 0.091772 0.490396 0.098107 0.1739
0 0.024393 0.676784 0.010665 0.655787 0.035854 0.639318 0.049582 0.660314 0.0985
0 0.404818 0.210026 0.401155 0.190490 0.434606 0.184218 0.438269 0.203754 0.1174
0 0.408597 0.202211 0.384581 0.200770 0.387119 0.158475 0.411134 0.159915 0.0709
0 0.425651 0.247005 0.388932 0.228646 0.400130 0.206250 0.436849 0.224609 0.7939
0 0.334099 0.364775 0.298407 0.355852 0.311581 0.303156 0.347273 0.312079 0.1824
0 0.067236 0.652502 0.022790 0.626575 0.032495 0.609938 0.076941 0.635865 0.2407
0 0.468750 0.180339 0.452148 0.163737 0.498698 0.117188 0.515299 0.133789 0.8827
0 0.423978 0.349058 0.383714 0.322216 0.390725 0.311699 0.430990 0.338542 0.0879
0 0.290555 0.368319 0.266997 0.354858 0.273448 0.343570 0.297005 0.357031 0.1366
0 0.335938 0.363281 0.305339 0.363281 0.305339 0.308594 0.335938 0.308594 0.2211
0 0.386277 0.231320 0.348139 0.207613 0.358364 0.191165 0.396502 0.214872 0.8345
0 0.061310 0.679081 0.027972 0.665746 0.034303 0.649919 0.067641 0.663254 0.3453
0 0.453125 0.076172 0.448025 0.073303 0.458092 0.055406 0.463192 0.058275 0.1027
0 0.471125 0.184392 0.451807 0.165718 0.499241 0.116649 0.518559 0.135323 0.0602
0 0.077196 0.623250 0.017431 0.609187 0.021854 0.590390 0.081619 0.604453 0.1406
0 0.331315 0.364276 0.292853 0.352287 0.309981 0.297333 0.348444 0.309321 0.1369
0 0.037002 0.645468 0.000000 0.629094 0.002461 0.604764 0.046126 0.621138 0.2004
0 0.305523 0.321207 0.304764 0.301454 0.357145 0.299440 0.357905 0.319192 0.0853
0 0.291433 0.368582 0.262290 0.355980 0.268258 0.342179 0.297401 0.354781 0.0603
0 0.293616 0.375732 0.266341 0.346086 0.277879 0.335472 0.305153 0.365118 0.2930
0 0.066359 0.654063 0.016658 0.628410 0.027186 0.608012 0.076887 0.633665 0.1313
0 0.358456 0.348008 0.329358 0.321335 0.345789 0.303410 0.374887 0.330083 0.1812
0 0.472929 0.182076 0.453410 0.165102 0.498947 0.112734 0.518467 0.129707 0.0604
0 0.033098 0.671206 0.013038 0.667863 0.016487 0.647171 0.036546 0.650514 0.1509
0 0.420573 0.184896 0.389323 0.184896 0.389323 0.158203 0.420573 0.158203 0.1010
0 0.036719 0.648568 0.000000 0.627995 0.007031 0.605078 0.048177 0.625651 0.1366
0 0.393634 0.231170 0.378641 0.211979 0.406638 0.190106 0.421631 0.209297 0.1617
0 0.431641 0.123698 0.425477 0.116998 0.463248 0.082250 0.469411 0.088949 0.0515
0 0.496669 0.147855 0.481651 0.131070 0.504050 0.111029 0.519068 0.127814 0.1115
0 0.400088 0.233668 0.379308 0.216085 0.402521 0.188652 0.423301 0.206234 0.1466
0 0.071083 0.646802 0.016484 0.636875 0.020932 0.612411 0.075531 0.622338 0.1804
0 0.316897 0.323629 0.316147 0.305621 0.356658 0.303933 0.357408 0.321941 0.1994
0 0.392392 0.223198 0.374419 0.195420 0.402061 0.177534 0.420035 0.205312 0.2321
0 0.077589 0.623889 0.018612 0.609145 0.023284 0.590456 0.082261 0.605201 0.8195
0 0.027018 0.633138 0.000000 0.605469 0.011068 0.593750 0.038737 0.621419 0.0693
0 0.333615 0.365719 0.289956 0.356686 0.300979 0.303404 0.344639 0.312437 0.0622
0 0.349378 0.309893 0.299403 0.299184 0.302328 0.285534 0.352302 0.296243 0.1660
0 0.318841 0.323575 0.318084 0.306171 0.356678 0.304493 0.357434 0.321897 0.2279
0 0.020182 0.070312 0.000000 0.070312 0.000000 0.028646 0.020182 0.028646 0.1674
0 0.060641 0.679612 0.028120 0.664829 0.034965 0.649771 0.067485 0.664553 0.3616
0 0.315248 0.352871 0.300747 0.311181 0.345290 0.295688 0.359791 0.337378 0.0883
0 0.295694 0.366175 0.294321 0.311245 0.335766 0.310209 0.337140 0.365139 0.0755
0 0.424457 0.215225 0.399538 0.205258 0.405599 0.190104 0.430518 0.200072 0.1237
0 0.134815 0.592989 0.107124 0.590274 0.111134 0.549371 0.138825 0.552086 0.1073
0 0.112330 0.598739 0.101321 0.581124 0.132805 0.561447 0.143814 0.579061 0.1170
0 0.334625 0.364664 0.299289 0.360246 0.306070 0.306000 0.341406 0.310417 0.0939
0 0.254557 0.492188 0.234505 0.482161 0.241146 0.468880 0.261198 0.478906 0.0600
0 0.049928 0.686833 0.018542 0.656319 0.035715 0.638655 0.067102 0.669169 0.0520
0 0.396064 0.241296 0.386163 0.204993 0.416186 0.196805 0.426087 0.233108 0.1242
0 0.130584 0.593174 0.103916 0.587840 0.113757 0.538637 0.140425 0.543970 0.1928
0 0.311849 0.391927 0.270508 0.350586 0.281576 0.339518 0.322917 0.380859 0.2607
0 0.027018 0.627279 0.003255 0.603516 0.011068 0.595703 0.034831 0.619466 0.1212
0 0.424638 0.348129 0.381365 0.322886 0.387528 0.312321 0.430801 0.337563 0.8879
0 0.078124 0.623631 0.003435 0.609913 0.007281 0.588975 0.081970 0.602694 0.2013
0 0.353681 0.310612 0.300332 0.303499 0.302521 0.287081 0.355870 0.294194 0.1689
0 0.125788 0.592644 0.100206 0.583873 0.117200 0.534305 0.142783 0.543076 0.1668
0 0.352854 0.310513 0.300703 0.301610 0.303209 0.286936 0.355360 0.295840 0.7651
0 0.463655 0.173889 0.450047 0.154524 0.504137 0.116515 0.517745 0.135880 0.0624
0 0.317784 0.388468 0.295263 0.374609 0.301812 0.363966 0.324333 0.377825 0.1302
0 0.400038 0.233075 0.378821 0.215122 0.401762 0.188010 0.422979 0.205963 0.2525
0 0.126218 0.592904 0.100614 0.584645 0.116630 0.534997 0.142233 0.543256 0.1984
0 0.322098 0.325890 0.319755 0.308321 0.356344 0.303442 0.358687 0.321012 0.3037
0 0.133834 0.593509 0.106929 0.590763 0.111141 0.549487 0.138046 0.552232 0.1127
0 0.320421 0.367744 0.302065 0.314969 0.321937 0.308057 0.340294 0.360832 0.7932
0 0.061822 0.682363 0.014590 0.664651 0.022751 0.642890 0.069983 0.660602 0.0583
0 0.395797 0.212070 0.378235 0.193338 0.392940 0.179552 0.410501 0.198285 0.3415
0 0.448096 0.090875 0.439003 0.086718 0.454055 0.053792 0.463148 0.057949 0.0929
0 0.326334 0.326450 0.321967 0.311475 0.358942 0.300691 0.363309 0.315666 0.1060
0 0.293736 0.376922 0.265971 0.345685 0.278700 0.334370 0.306465 0.365607 0.1264
0 0.067974 0.651987 0.023613 0.628502 0.032228 0.612229 0.076589 0.635714 0.2036
0 0.059879 0.681454 0.026991 0.663515 0.035301 0.648280 0.068189 0.666219 0.1150
0 0.027995 0.641276 0.000000 0.622787 0.000781 0.603255 0.037760 0.621745 0.5351
0 0.355467 0.306687 0.334289 0.305931 0.335340 0.276509 0.356518 0.277265 0.1572
0 0.466146 0.179687 0.452148 0.165690 0.477865 0.139974 0.491862 0.153971 0.0974
0 0.077589 0.623890 0.018612 0.609145 0.023399 0.589997 0.082376 0.604741 0.2163
0 0.466797 0.110026 0.457031 0.110026 0.457031 0.082682 0.466797 0.082682 0.1073
0 0.429104 0.208490 0.385062 0.205900 0.386514 0.181207 0.430556 0.183798 0.6320
0 0.223438 0.493229 0.181771 0.472396 0.190104 0.455729 0.231771 0.476563 0.1333
0 0.223389 0.493797 0.181696 0.472178 0.190337 0.455512 0.232031 0.477131 0.9064
0 0.407868 0.254622 0.383015 0.213616 0.407703 0.198654 0.432555 0.239660 0.0943
0 0.036232 0.692022 0.000000 0.624640 0.016194 0.603300 0.065434 0.670682 0.0603
0 0.400391 0.228516 0.380534 0.208659 0.406250 0.182943 0.426107 0.202799 0.1631
0 0.031901 0.669922 0.014974 0.669922 0.014974 0.649740 0.031901 0.649740 0.0919
0 0.429961 0.307636 0.415883 0.301066 0.422236 0.287452 0.436314 0.294021 0.1834
0 0.351763 0.300481 0.326156 0.289937 0.333491 0.272124 0.359098 0.282668 0.0806
0 0.391667 0.238802 0.387470 0.205228 0.418960 0.201292 0.423157 0.234866 0.1219
0 0.472269 0.154026 0.451819 0.147519 0.469433 0.092162 0.489883 0.098669 0.8511
0 0.386385 0.233327 0.362249 0.214018 0.374254 0.199012 0.398390 0.218321 0.1664
0 0.428162 0.206871 0.383157 0.202133 0.385679 0.178173 0.430685 0.182911 0.3021
0 0.331097 0.352594 0.317679 0.315022 0.352281 0.302664 0.365700 0.340236 0.2241
0 0.405898 0.253996 0.384407 0.214085 0.411157 0.199682 0.432647 0.239592 0.1164
0 0.352192 0.344166 0.323440 0.320206 0.339716 0.300675 0.368468 0.324635 0.1647
0 0.167796 0.514610 0.117245 0.484279 0.128676 0.465227 0.179228 0.495558 0.9284
0 0.069090 0.651770 0.000000 0.627535 0.001414 0.602353 0.077148 0.626588 0.4589
0 0.476148 0.177546 0.455248 0.161941 0.502234 0.099012 0.523134 0.114617 0.0783
0 0.020182 0.070964 0.000000 0.070964 0.000000 0.028646 0.020182 0.028646 0.1356
0 0.384115 0.212891 0.372070 0.200846 0.391602 0.181315 0.403646 0.193359 0.1837
0 0.046094 0.697005 0.015234 0.635287 0.058984 0.613411 0.089844 0.675130 0.0522
0 0.418045 0.290020 0.406173 0.242532 0.426547 0.237439 0.438419 0.284926 0.1966
0 0.031901 0.669271 0.015625 0.669271 0.015625 0.650391 0.031901 0.650391 0.4494
0 0.312212 0.324823 0.303855 0.303409 0.350447 0.285226 0.358804 0.306641 0.0744
0 0.415668 0.140294 0.397264 0.128356 0.433655 0.072253 0.452059 0.084190 0.1552
0 0.395240 0.236424 0.385644 0.204896 0.415540 0.195797 0.425136 0.227325 0.1584
0 0.063117 0.675849 0.014181 0.668599 0.017366 0.647104 0.066301 0.654354 0.5833
0 0.048099 0.685654 0.018521 0.653466 0.035435 0.637923 0.065014 0.670111 0.0524
0 0.420688 0.291207 0.403557 0.243242 0.423271 0.236201 0.440402 0.284166 0.8571
0 0.421854 0.251490 0.396252 0.229931 0.410974 0.212449 0.436576 0.234008 0.2177
0 0.030372 0.645285 0.000000 0.620084 0.002780 0.599719 0.043100 0.624920 0.2652
0 0.369489 0.348542 0.335908 0.322956 0.347057 0.308323 0.380638 0.333909 0.2106
0 0.421875 0.199870 0.385417 0.199870 0.385417 0.164062 0.421875 0.164062 0.2183
0 0.136673 0.595447 0.106451 0.591960 0.110982 0.552694 0.141204 0.556182 0.1309
0 0.070779 0.646137 0.016823 0.641733 0.019049 0.614464 0.073005 0.618869 0.1233
0 0.432292 0.307292 0.412760 0.307292 0.412760 0.295573 0.432292 0.295573 0.1104
0 0.059164 0.680942 0.028602 0.663115 0.036630 0.649352 0.067192 0.667179 0.1915
0 0.299144 0.353086 0.288190 0.328440 0.294412 0.325675 0.305365 0.350321 0.0541
0 0.384235 0.204559 0.380577 0.180783 0.407533 0.176636 0.411191 0.200412 0.1166
0 0.453125 0.076172 0.447516 0.072967 0.457692 0.055158 0.463301 0.058363 0.1543
0 0.393580 0.230018 0.381160 0.211388 0.408353 0.193259 0.420773 0.211889 0.2749
0 0.383278 0.201372 0.382367 0.176786 0.410661 0.175738 0.411572 0.200324 0.1443
0 0.392423 0.223506 0.374949 0.193552 0.408264 0.174118 0.425737 0.204073 0.1297
0 0.075856 0.647983 0.033516 0.647101 0.034050 0.621478 0.076390 0.622360 0.0847
0 0.415053 0.140117 0.397986 0.128274 0.437701 0.071037 0.454769 0.082879 0.3167
0 0.375976 0.343226 0.353644 0.330603 0.359912 0.319512 0.382244 0.332135 0.1027
0 0.409065 0.297392 0.379385 0.279584 0.387370 0.266276 0.417050 0.284084 0.1286
0 0.020182 0.070964 0.000000 0.070964 0.000000 0.028646 0.020182 0.028646 0.8372
0 0.030179 0.634231 0.000000 0.623585 0.002062 0.597206 0.037994 0.607853 0.1780
0 0.428385 0.307943 0.377083 0.282292 0.385677 0.265104 0.436979 0.290755 0.8775
0 0.432818 0.206709 0.394956 0.183045 0.408232 0.161802 0.446095 0.185466 0.2776
0 0.117380 0.591840 0.107201 0.590879 0.110871 0.551979 0.121050 0.552939 0.0564
0 0.033203 0.669922 0.014974 0.669922 0.014974 0.649089 0.033203 0.649089 0.0864
0 0.430703 0.206426 0.385849 0.174031 0.400012 0.154421 0.444866 0.186816 0.8113
0 0.437137 0.156721 0.416681 0.143380 0.456249 0.082710 0.476704 0.096050 0.8735
0 0.068533 0.645276 0.016048 0.627320 0.022512 0.608424 0.074997 0.626380 0.2118
0 0.430261 0.208978 0.394293 0.206101 0.396047 0.184184 0.432014 0.187061 0.2195
0 0.471165 0.180136 0.453675 0.164312 0.497755 0.115591 0.515246 0.131415 0.1807
0 0.424219 0.261849 0.414583 0.242578 0.424479 0.237630 0.434115 0.256901 0.2266
0 0.166016 0.514974 0.117638 0.482722 0.129758 0.464543 0.178135 0.496795 0.1049
0 0.434433 0.204866 0.401357 0.181519 0.413428 0.164419 0.446503 0.187766 0.1653
0 0.344823 0.305409 0.299532 0.297860 0.301485 0.286142 0.346776 0.293690 0.0664
0 0.132742 0.593397 0.107192 0.590790 0.111013 0.553353 0.136562 0.555960 0.1542
0 0.311523 0.392253 0.265625 0.346354 0.276693 0.335286 0.322591 0.381185 0.8488
0 0.415715 0.141076 0.396334 0.128155 0.435296 0.069712 0.454677 0.082632 0.1101
0 0.447967 0.092030 0.437597 0.087455 0.452673 0.053282 0.463043 0.057857 0.1264
0 0.066767 0.652364 0.017197 0.624039 0.026973 0.606931 0.076542 0.635256 0.6497
0 0.325087 0.328431 0.321071 0.310759 0.356020 0.302816 0.360036 0.320488 0.3211
0 0.383737 0.229237 0.347864 0.208208 0.358021 0.190882 0.393893 0.211911 0.1937
0 0.465882 0.179576 0.452651 0.165793 0.478631 0.140853 0.491862 0.154636 0.0867
0 0.073737 0.646967 0.021338 0.642775 0.023580 0.614751 0.075979 0.618943 0.1085
0 0.126506 0.593488 0.100891 0.585483 0.116541 0.535402 0.142156 0.543407 0.7039
0 0.415316 0.140935 0.397881 0.128889 0.441791 0.065335 0.459226 0.077381 0.8445
