0 0.932422 1.000000 0.823828 0.981250 0.978385 0.672135 1.000000 0.726432 0.0597
0 0.180339 0.024740 0.077474 0.024740 0.077474 0.000000 0.180339 0.000000 0.0665
0 0.180339 0.024089 0.075521 0.024089 0.075521 0.000000 0.180339 0.000000 0.0694
0 0.947272 1.000000 0.799217 0.972575 0.989811 0.665308 1.000000 0.757145 0.7252
0 0.085286 0.999349 0.000000 0.999349 0.000000 0.598958 0.085286 0.598958 0.3154
0 0.094392 1.000000 0.000000 0.342948 0.112948 0.313687 0.245474 0.997956 0.2327
0 0.242188 0.999349 0.000000 0.999349 0.000000 0.222005 0.242188 0.222005 0.0520
0 0.180339 0.024089 0.075521 0.024089 0.075521 0.000000 0.180339 0.000000 0.0710
0 0.180990 0.024740 0.075521 0.024740 0.075521 0.000000 0.180990 0.000000 0.0870
0 0.242839 0.999349 0.000000 0.999349 0.000000 0.224609 0.242839 0.224609 0.4171
0 0.180990 0.025391 0.076172 0.025391 0.076172 0.000000 0.180990 0.000000 0.0770
0 0.180339 0.024089 0.075521 0.024089 0.075521 0.000000 0.180339 0.000000 0.6301
0 0.084714 0.678281 0.080156 0.646380 0.093099 0.644531 0.097656 0.676432 0.1064
0 0.242839 0.999349 0.000000 0.999349 0.000000 0.222656 0.242839 0.222656 0.1499
0 0.094411 0.722831 0.089621 0.701755 0.099920 0.699414 0.104710 0.720491 0.1099
