0 0.241899 0.072351 0.226629 0.037447 0.240802 0.031246 0.256073 0.066150 0.1116
0 0.090589 0.097114 0.077766 0.060247 0.092790 0.055021 0.105614 0.091888 0.1159
0 0.077753 0.049720 0.053427 0.035411 0.065109 0.015551 0.089435 0.029861 0.0699
0 0.077773 0.050273 0.074570 0.027852 0.084232 0.026471 0.087435 0.048893 0.0690
0 0.051777 0.043045 0.046530 0.022059 0.069049 0.016429 0.074295 0.037416 0.0866
0 0.249506 0.042244 0.232192 0.036011 0.240591 0.012681 0.257905 0.018913 0.0734
0 0.189258 0.060612 0.173047 0.011979 0.188281 0.006901 0.204492 0.055534 0.0779
0 0.050881 0.044121 0.046549 0.022461 0.055188 0.020733 0.059520 0.042393 0.0940
0 0.049219 0.057547 0.047721 0.021612 0.071443 0.020623 0.072940 0.056558 0.0553
0 0.230652 0.043912 0.223337 0.032208 0.236270 0.024125 0.243585 0.035829 0.0777
0 0.078659 0.024078 0.059661 0.001281 0.068882 0.000000 0.087880 0.016393 0.1094
0 0.078668 0.040645 0.068373 0.022996 0.079545 0.016478 0.089840 0.034127 0.0804
0 0.067016 0.062922 0.062266 0.036797 0.072349 0.034964 0.077099 0.061089 0.1300
0 0.075927 0.050637 0.056949 0.043338 0.066530 0.018427 0.085508 0.025726 0.1773
0 0.083984 0.052083 0.076172 0.052083 0.076172 0.028646 0.083984 0.028646 0.0655
0 0.239583 0.065104 0.225781 0.037500 0.240104 0.030339 0.253906 0.057943 0.1199
0 0.144531 0.009766 0.135417 0.009766 0.135417 0.000000 0.144531 0.000000 0.1336
0 0.026693 0.048177 0.021484 0.048177 0.021484 0.022135 0.026693 0.022135 0.0781
0 0.277865 0.056901 0.265365 0.019401 0.275716 0.015951 0.288216 0.053451 0.1889
0 0.223307 0.033854 0.207031 0.001302 0.218229 0.000000 0.234505 0.028255 0.1979
0 0.080570 0.026820 0.065517 0.008003 0.073695 0.001461 0.088748 0.020278 0.0980
0 0.141523 0.066047 0.125180 0.025189 0.137864 0.020115 0.154207 0.060973 0.0573
0 0.120519 0.079772 0.107498 0.076517 0.119217 0.029642 0.132238 0.032897 0.0753
0 0.066732 0.049805 0.047852 0.030924 0.066406 0.012370 0.085286 0.031250 0.0813
0 0.072304 0.036305 0.059436 0.014859 0.075042 0.005496 0.087910 0.026942 0.0872
0 0.241077 0.073683 0.231886 0.036918 0.246745 0.033203 0.255936 0.069968 0.2373
0 0.143757 0.008552 0.139323 0.007812 0.139640 0.005912 0.144074 0.006651 0.0632
0 0.084635 0.035807 0.072266 0.035807 0.072266 0.018880 0.084635 0.018880 0.0587
0 0.253303 0.076049 0.249931 0.038950 0.267599 0.037344 0.270972 0.074443 0.0514
0 0.092448 0.096354 0.074349 0.060156 0.086068 0.054297 0.104167 0.090495 0.3180
0 0.175292 0.048033 0.169541 0.006821 0.180011 0.005360 0.185762 0.046572 0.0630
0 0.162332 0.057623 0.151388 0.029765 0.176345 0.019961 0.187289 0.047818 0.0524
0 0.225975 0.037536 0.218106 0.017075 0.227616 0.013417 0.235486 0.033878 0.0750
0 0.080084 0.025442 0.061079 0.010509 0.069167 0.000216 0.088172 0.015149 0.1047
0 0.173882 0.026791 0.172854 0.000063 0.192031 0.000000 0.193059 0.026053 0.0541
0 0.078753 0.041027 0.070314 0.023380 0.080657 0.018433 0.089097 0.036080 0.0857
0 0.105163 0.072350 0.092875 0.070507 0.095931 0.050132 0.108219 0.051975 0.0567
0 0.082750 0.116379 0.077990 0.104481 0.112675 0.090607 0.117434 0.102505 0.0592
0 0.245453 0.044742 0.236423 0.011634 0.246670 0.008839 0.255699 0.041947 0.2472
0 0.116186 0.088992 0.108423 0.087440 0.111153 0.073793 0.118915 0.075346 0.0669
0 0.260166 0.056591 0.245643 0.034806 0.259615 0.025491 0.274139 0.047276 0.0574
0 0.079375 0.035443 0.061458 0.022005 0.070130 0.010443 0.088047 0.023880 0.0918
0 0.263257 0.063002 0.256499 0.048642 0.263930 0.045145 0.270688 0.059505 0.0531
0 0.206020 0.058874 0.195122 0.057512 0.197125 0.041486 0.208023 0.042849 0.0546
0 0.051279 0.043007 0.046224 0.022786 0.054496 0.020718 0.059551 0.040939 0.0950
0 0.228965 0.034685 0.226895 0.009846 0.239826 0.008769 0.241896 0.033607 0.0679
0 0.145833 0.010417 0.135417 0.010417 0.135417 0.000000 0.145833 0.000000 0.0792
0 0.242188 0.064453 0.228516 0.064453 0.228516 0.034505 0.242188 0.034505 0.1076
0 0.242839 0.064453 0.228516 0.064453 0.228516 0.033854 0.242839 0.033854 0.1230
0 0.121358 0.084354 0.108372 0.082190 0.117117 0.029719 0.130103 0.031883 0.3161
0 0.076823 0.061198 0.063802 0.061198 0.063802 0.022135 0.076823 0.022135 0.2394
0 0.081186 0.036499 0.066717 0.020917 0.075981 0.012314 0.090450 0.027897 0.0646
0 0.080078 0.029297 0.059245 0.029297 0.059245 0.011068 0.080078 0.011068 0.0742
0 0.106120 0.074219 0.093099 0.074219 0.093099 0.052083 0.106120 0.052083 0.0529
0 0.244899 0.072908 0.242107 0.039395 0.252344 0.038542 0.255137 0.072055 0.1313
0 0.144531 0.009766 0.135417 0.009766 0.135417 0.000000 0.144531 0.000000 0.1391
0 0.078838 0.042182 0.055068 0.025014 0.065883 0.010039 0.089654 0.027206 0.0692
0 0.241094 0.062344 0.224453 0.040156 0.239141 0.029141 0.255781 0.051328 0.1015
0 0.186893 0.061324 0.169160 0.010342 0.185497 0.004659 0.203230 0.055642 0.1640
0 0.083464 0.115625 0.079297 0.103125 0.114258 0.091471 0.118424 0.103971 0.2831
0 0.236328 0.055339 0.221484 0.050391 0.229036 0.027734 0.243880 0.032682 0.0747
0 0.078476 0.039513 0.060597 0.027594 0.068910 0.015124 0.086789 0.027043 0.1485
0 0.071484 0.025130 0.059245 0.000651 0.071484 0.000000 0.083724 0.019010 0.2566
0 0.279278 0.056183 0.269125 0.043774 0.274549 0.039336 0.284702 0.051745 0.0530
0 0.277333 0.051623 0.263358 0.019015 0.274594 0.014199 0.288569 0.046808 0.0678
0 0.227795 0.037037 0.223423 0.011897 0.238287 0.009312 0.242659 0.034451 0.0519
0 0.253092 0.049578 0.237541 0.016085 0.246819 0.011778 0.262369 0.045271 0.0889
0 0.056187 0.042947 0.040125 0.032024 0.055261 0.009765 0.071323 0.020687 0.0528
0 0.141606 0.065550 0.125392 0.022314 0.137379 0.017819 0.153592 0.061055 0.3175
0 0.225911 0.033203 0.211849 0.005078 0.223047 0.000000 0.237109 0.027604 0.0604
0 0.144531 0.009766 0.134766 0.009766 0.134766 0.000000 0.144531 0.000000 0.0553
0 0.083984 0.052734 0.072917 0.052734 0.072917 0.027995 0.083984 0.027995 0.0683
