0 0.547293 0.250357 0.538527 0.208720 0.551619 0.205964 0.560385 0.247601 0.0569
0 0.177680 0.644746 0.135322 0.550871 0.331581 0.462316 0.373939 0.556190 0.0632
0 0.845378 0.314779 0.817448 0.305469 0.822787 0.289453 0.850716 0.298763 0.0513
0 0.065755 0.246094 0.000000 0.246094 0.000000 0.061198 0.065755 0.061198 0.4800
0 0.772040 0.720733 0.647740 0.526276 0.726024 0.476235 0.850324 0.670693 0.0677
0 0.519080 0.855819 0.505709 0.846905 0.528445 0.812800 0.541817 0.821715 0.0531
0 0.135802 0.600180 0.124325 0.594824 0.132808 0.576647 0.144284 0.582003 0.0713
0 0.279297 0.148438 0.164714 0.148438 0.164714 0.000000 0.279297 0.000000 0.1483
0 0.667788 0.302800 0.646033 0.255451 0.663249 0.247541 0.685004 0.294890 0.0652
0 0.537943 0.347902 0.537041 0.298309 0.556613 0.297953 0.557515 0.347546 0.0526
0 0.696785 0.288256 0.673750 0.241140 0.690530 0.232937 0.713564 0.280053 0.0604
0 0.342448 0.447917 0.317708 0.447917 0.317708 0.433594 0.342448 0.433594 0.0649
0 0.942811 0.922007 0.915175 0.898056 0.934228 0.876071 0.961865 0.900022 0.0560
0 0.993170 0.373418 0.816418 0.307820 0.840103 0.244002 1.000000 0.309601 0.0624
0 0.803224 0.050955 0.801241 0.031786 0.858015 0.025913 0.859998 0.045082 0.0511
0 0.435026 0.814063 0.420590 0.804623 0.450054 0.759561 0.464490 0.769000 0.0513
0 0.956510 0.961328 0.941667 0.953906 0.956510 0.924219 0.971354 0.931641 0.0516
0 0.277995 0.147135 0.165365 0.147135 0.165365 0.000000 0.277995 0.000000 0.0671
0 0.867062 0.269712 0.865572 0.252575 0.924737 0.247430 0.926227 0.264567 0.0781
0 0.002078 0.231946 0.000000 0.169185 0.058509 0.162014 0.065595 0.224774 0.0837
0 0.126473 0.509447 0.115650 0.499608 0.133060 0.480457 0.143883 0.490296 0.0620
0 0.621905 0.254595 0.606994 0.204062 0.627759 0.197935 0.642670 0.248468 0.0527
0 0.350517 0.718811 0.245342 0.711799 0.251049 0.626198 0.356223 0.633210 0.0539
0 0.797014 0.778193 0.783944 0.769250 0.802915 0.741523 0.815985 0.750466 0.0595
0 0.280599 0.149089 0.163411 0.149089 0.163411 0.000000 0.280599 0.000000 0.9555
0 0.083008 0.879883 0.063802 0.860677 0.079102 0.845378 0.098307 0.864583 0.0656
0 0.005266 0.711058 0.000000 0.648716 0.020979 0.644190 0.031667 0.706532 0.0580
0 0.982384 0.982538 0.960867 0.966600 0.980634 0.939913 1.000000 0.955852 0.0582
0 0.505198 0.351227 0.503485 0.298149 0.538920 0.297006 0.540632 0.350084 0.0551
0 0.347792 0.965544 0.333484 0.957879 0.349889 0.927256 0.364198 0.934922 0.0836
0 0.813893 0.291003 0.810000 0.263750 0.869245 0.255286 0.873138 0.282539 0.0651
0 0.007696 0.712454 0.000000 0.658761 0.005324 0.644968 0.033750 0.698661 0.0554
0 0.479965 0.447670 0.464772 0.435120 0.491110 0.403237 0.506303 0.415787 0.0698
0 0.636418 0.992638 0.578125 0.953776 0.587640 0.939503 0.645934 0.978365 0.1056
0 0.538533 0.348145 0.533733 0.296553 0.553232 0.294739 0.558031 0.346331 0.0617
0 0.136100 0.530300 0.120475 0.517279 0.137765 0.496531 0.153390 0.509552 0.0667
0 0.398978 0.201252 0.351070 0.002314 0.625252 0.000000 0.673160 0.135224 0.0654
0 0.291177 0.985940 0.006240 0.807855 0.080122 0.689643 0.365059 0.867729 0.0793
0 0.679814 0.297066 0.662873 0.247186 0.681233 0.240950 0.698173 0.290830 0.0602
0 0.662739 0.549063 0.644915 0.538921 0.674582 0.486779 0.692406 0.496921 0.0557
0 0.180194 0.538019 0.154662 0.468718 0.275584 0.424168 0.301116 0.493469 0.0628
