0 0.483000 0.135799 0.447221 0.119942 0.507263 0.000000 0.543041 0.000321 0.0829
0 0.541016 0.023438 0.511719 0.023438 0.511719 0.000000 0.541016 0.000000 0.1723
0 0.057292 0.016927 0.000000 0.016927 0.000000 0.000000 0.057292 0.000000 0.6158
0 0.489783 0.035339 0.479336 0.015250 0.513713 0.000000 0.524159 0.017463 0.0521
0 0.485003 0.134409 0.453066 0.123214 0.495376 0.002507 0.527313 0.013701 0.1424
0 0.057292 0.014974 0.027344 0.014974 0.027344 0.000000 0.057292 0.000000 0.0720
0 0.057292 0.015625 0.026042 0.015625 0.026042 0.000000 0.057292 0.000000 0.0608
0 0.541667 0.024740 0.505859 0.024740 0.505859 0.000000 0.541667 0.000000 0.0738
0 0.152995 0.014323 0.109375 0.014323 0.109375 0.000000 0.152995 0.000000 0.0570
0 0.570951 0.073046 0.533435 0.069294 0.540719 0.000000 0.578235 0.000206 0.1314
0 0.211589 0.035807 0.155599 0.035807 0.155599 0.000000 0.211589 0.000000 0.1377
0 0.232422 0.061198 0.154297 0.061198 0.154297 0.000000 0.232422 0.000000 0.0622
0 0.057292 0.014323 0.027344 0.014323 0.027344 0.000000 0.057292 0.000000 0.1003
0 0.057292 0.014323 0.027344 0.014323 0.027344 0.000000 0.057292 0.000000 0.0666
0 0.541016 0.021484 0.491536 0.021484 0.491536 0.000000 0.541016 0.000000 0.0729
0 0.570886 0.073039 0.533500 0.069300 0.540784 0.000000 0.578170 0.000200 0.0563
0 0.152344 0.020182 0.106120 0.020182 0.106120 0.000000 0.152344 0.000000 0.0510
0 0.248350 0.323342 0.233299 0.172829 0.282739 0.167885 0.297790 0.318398 0.0625
0 0.152344 0.018229 0.106771 0.018229 0.106771 0.000000 0.152344 0.000000 0.1336
0 0.057292 0.016927 0.000000 0.016927 0.000000 0.000000 0.057292 0.000000 0.0787
0 0.243138 0.227055 0.233478 0.169095 0.272223 0.162637 0.281883 0.220598 0.0513
0 0.057292 0.014323 0.028646 0.014323 0.028646 0.000000 0.057292 0.000000 0.0984
0 0.541016 0.022786 0.505208 0.022786 0.505208 0.000000 0.541016 0.000000 0.0786
0 0.057292 0.014323 0.028646 0.014323 0.028646 0.000000 0.057292 0.000000 0.0924
0 0.249082 0.326277 0.231407 0.171619 0.281423 0.165903 0.299098 0.320561 0.1589
0 0.283243 0.157073 0.265634 0.031733 0.327383 0.023058 0.344993 0.148397 0.2419
0 0.248247 0.322690 0.234838 0.172508 0.283615 0.168153 0.297024 0.318334 0.0735
0 0.541016 0.023438 0.510417 0.023438 0.510417 0.000000 0.541016 0.000000 0.1851
0 0.057292 0.014974 0.027344 0.014974 0.027344 0.000000 0.057292 0.000000 0.0701
0 0.057292 0.014323 0.027995 0.014323 0.027995 0.000000 0.057292 0.000000 0.0941
0 0.057292 0.013672 0.028646 0.013672 0.028646 0.000000 0.057292 0.000000 0.0900
0 0.248523 0.326553 0.231255 0.171137 0.281917 0.165507 0.299185 0.320924 0.9067
0 0.057292 0.015625 0.026693 0.015625 0.026693 0.000000 0.057292 0.000000 0.0528
0 0.541016 0.023438 0.502604 0.023438 0.502604 0.000000 0.541016 0.000000 0.0503
0 0.152344 0.018229 0.106771 0.018229 0.106771 0.000000 0.152344 0.000000 0.1057
0 0.541016 0.022786 0.511068 0.022786 0.511068 0.000000 0.541016 0.000000 0.2043
0 0.153646 0.013672 0.111328 0.013672 0.111328 0.000000 0.153646 0.000000 0.0680
0 0.057292 0.014323 0.028646 0.014323 0.028646 0.000000 0.057292 0.000000 0.1001
0 0.057943 0.016276 0.000000 0.016276 0.000000 0.000000 0.057943 0.000000 0.0675
0 0.204288 0.062563 0.202844 0.029337 0.232735 0.028038 0.234180 0.061263 0.1464
0 0.241707 0.217508 0.235587 0.168550 0.272446 0.163942 0.278566 0.212901 0.0641
0 0.152344 0.019531 0.106771 0.019531 0.106771 0.000000 0.152344 0.000000 0.6703
0 0.570709 0.073250 0.532838 0.069042 0.540944 0.000000 0.578816 0.000294 0.8911
0 0.248427 0.323465 0.233350 0.172694 0.282597 0.167769 0.297674 0.318540 0.0612
0 0.524089 0.027995 0.499815 0.008217 0.520538 0.000000 0.544811 0.002562 0.0919
0 0.247881 0.324553 0.232263 0.172275 0.282796 0.167092 0.298414 0.319370 0.0588
0 0.541016 0.021484 0.491536 0.021484 0.491536 0.000000 0.541016 0.000000 0.0649
0 0.541016 0.021484 0.493490 0.021484 0.493490 0.000000 0.541016 0.000000 0.1079
0 0.057292 0.016927 0.000000 0.016927 0.000000 0.000000 0.057292 0.000000 0.1278
0 0.247535 0.324051 0.233063 0.172093 0.283541 0.167286 0.298013 0.319243 0.0586
0 0.541667 0.023438 0.494141 0.023438 0.494141 0.000000 0.541667 0.000000 0.0958
0 0.484851 0.135029 0.452517 0.123577 0.495353 0.002627 0.527688 0.014079 0.8863
0 0.541016 0.020182 0.513021 0.020182 0.513021 0.000000 0.541016 0.000000 0.4282
0 0.541016 0.029948 0.508464 0.029948 0.508464 0.000000 0.541016 0.000000 0.0569
0 0.247750 0.324509 0.232493 0.171933 0.283029 0.166879 0.298287 0.319455 0.0575
0 0.524124 0.019572 0.511517 0.005388 0.530307 0.000000 0.542915 0.002869 0.0621
0 0.558983 0.076062 0.528073 0.063047 0.546100 0.020233 0.577010 0.033248 0.0594
