0 0.699870 0.634115 0.485026 0.634115 0.485026 0.561198 0.699870 0.561198 0.0558
0 0.475260 0.843099 0.360649 0.772114 0.397397 0.712780 0.512009 0.783765 0.0954
0 0.520875 0.775774 0.388496 0.723568 0.449617 0.568581 0.581997 0.620787 0.0555
0 0.773494 0.766459 0.746183 0.752001 0.753341 0.738480 0.780652 0.752938 0.0830
0 0.849244 0.401724 0.807381 0.382403 0.812754 0.370760 0.854618 0.390082 0.0806
0 0.746637 0.969139 0.688667 0.944985 0.699492 0.919005 0.757462 0.943159 0.0681
0 0.572719 0.644535 0.452163 0.586734 0.493067 0.501421 0.613622 0.559221 0.0841
0 0.904857 0.289832 0.886096 0.283338 0.914604 0.200984 0.933364 0.207478 0.0551
0 0.570780 0.645436 0.451645 0.586951 0.478190 0.532878 0.597325 0.591362 0.1091
0 0.779297 0.021484 0.757161 0.021484 0.757161 0.000000 0.779297 0.000000 0.0882
0 0.721583 0.904257 0.703910 0.901573 0.715765 0.823526 0.733438 0.826211 0.0655
0 0.888811 0.350092 0.822146 0.301313 0.837478 0.280360 0.904142 0.329139 0.1084
0 0.503793 0.707193 0.409966 0.657285 0.446188 0.589187 0.540015 0.639095 0.0701
0 0.451456 0.897138 0.333560 0.845558 0.357407 0.791050 0.475303 0.842629 0.0715
0 0.506037 0.699253 0.410062 0.659734 0.438228 0.591331 0.534203 0.630850 0.0590
0 0.384517 1.000000 0.234481 0.983944 0.468855 0.490294 0.618891 0.561528 0.3558
0 0.987915 0.297776 0.957371 0.292013 0.967480 0.238435 0.998024 0.244198 0.0588
0 0.798803 0.436464 0.762218 0.417649 0.776123 0.390611 0.812708 0.409426 0.0633
0 0.561849 0.170573 0.547526 0.170573 0.547526 0.158203 0.561849 0.158203 0.0634
0 0.779297 0.021484 0.756510 0.021484 0.756510 0.000000 0.779297 0.000000 0.1159
0 0.533727 0.728944 0.407968 0.662419 0.495174 0.497565 0.620932 0.564089 0.0777
0 0.901427 0.752982 0.883491 0.745508 0.904640 0.694750 0.922576 0.702224 0.0610
0 0.937486 0.537116 0.866347 0.536343 0.867015 0.474855 0.938154 0.475628 0.0551
0 0.508943 0.775831 0.389680 0.724210 0.413955 0.668126 0.533218 0.719748 0.1213
0 0.807026 0.441301 0.800431 0.417117 0.824890 0.410447 0.831485 0.434630 0.0585
0 0.992315 0.525170 0.965567 0.513908 0.977969 0.484453 1.000000 0.495715 0.0643
0 0.978130 0.754180 0.919513 0.729756 0.941703 0.676502 1.000000 0.700925 0.0619
0 0.537661 0.721369 0.409357 0.660272 0.445568 0.584230 0.573871 0.645327 0.3123
0 0.923040 0.242138 0.907024 0.238477 0.915384 0.201902 0.931400 0.205563 0.1038
0 0.891077 0.995422 0.785924 0.945984 0.811003 0.892642 0.916156 0.942079 0.0863
0 0.748568 0.722917 0.732162 0.714714 0.758333 0.662370 0.774740 0.670573 0.0678
0 0.748958 0.412891 0.720052 0.398438 0.745703 0.347135 0.774609 0.361589 0.0610
0 0.533801 0.951844 0.458436 0.900862 0.501749 0.836833 0.577115 0.887816 0.0650
0 0.878585 0.585147 0.802389 0.572194 0.805058 0.556489 0.881255 0.569442 0.0916
0 0.755308 0.286549 0.703657 0.258324 0.808502 0.066456 0.860154 0.094681 0.0992
0 0.888872 0.349259 0.859981 0.326788 0.873653 0.309210 0.902544 0.331681 0.0559
0 0.350260 0.999349 0.266927 0.999349 0.266927 0.963542 0.350260 0.963542 0.0636
0 0.779297 0.021484 0.757161 0.021484 0.757161 0.000000 0.779297 0.000000 0.5286
0 0.628356 0.663320 0.626587 0.636348 0.675982 0.633109 0.677751 0.660080 0.0518
0 0.564606 1.000000 0.546655 0.997740 0.572487 0.941943 0.590438 0.950253 0.0877
0 0.222162 1.000000 0.173559 0.990908 0.179934 0.974968 0.228538 0.994410 0.0915
0 0.598559 0.591853 0.477085 0.535615 0.492520 0.502276 0.613993 0.558514 0.0871
0 0.598073 0.589658 0.478406 0.533710 0.493169 0.502133 0.612836 0.558081 0.0602
0 0.901427 0.289352 0.885803 0.282596 0.906020 0.235842 0.921645 0.242598 0.1506
0 0.846615 0.513208 0.831178 0.458077 0.866387 0.448219 0.881823 0.503350 0.0797
0 0.961664 0.842197 0.885201 0.805909 0.898985 0.776864 0.975448 0.813152 0.0713
0 0.458008 0.959310 0.446289 0.947591 0.474284 0.919596 0.486003 0.931315 0.0621
0 0.473097 0.849101 0.284196 0.759466 0.293805 0.739214 0.482706 0.828850 0.0668
0 0.880208 0.270833 0.828776 0.270833 0.828776 0.246094 0.880208 0.246094 0.0759
0 0.661849 0.747266 0.646224 0.739453 0.681250 0.669401 0.696875 0.677214 0.0824
0 0.571334 0.644795 0.451653 0.588305 0.492019 0.502785 0.611700 0.559274 0.1905
0 0.570081 0.755066 0.408137 0.744504 0.418212 0.590015 0.580157 0.600577 0.0767
0 0.706773 0.649801 0.692178 0.642744 0.726123 0.572539 0.740718 0.579596 0.0691
0 0.425650 0.955134 0.307899 0.901687 0.333825 0.844569 0.451576 0.898016 0.0921
0 0.605375 0.924002 0.590012 0.917521 0.620800 0.844542 0.636163 0.851023 0.0829
0 0.387723 1.000000 0.264245 0.997862 0.307428 0.901073 0.430906 0.956163 0.0913
0 0.838305 0.365252 0.811356 0.354155 0.817882 0.338307 0.844831 0.349403 0.1145
