0 0.099409 0.094702 0.067859 0.073668 0.077774 0.058794 0.109325 0.079828 0.1246
0 0.259708 0.879027 0.236749 0.826733 0.253657 0.819310 0.276615 0.871604 0.1838
0 0.063043 0.422261 0.000000 0.403735 0.002691 0.382967 0.068858 0.401494 0.0511
0 0.125346 0.914235 0.077874 0.787009 0.108247 0.775675 0.155720 0.902901 0.1875
0 0.027546 0.388726 0.000438 0.381497 0.005560 0.362290 0.032668 0.369519 0.0550
0 0.214450 0.986560 0.144176 0.834299 0.172374 0.821284 0.242648 0.973546 0.9404
0 0.052401 0.764020 0.035285 0.727651 0.046478 0.722383 0.063594 0.758753 0.0814
0 0.062504 0.421292 0.000418 0.404165 0.006092 0.383595 0.068178 0.400722 0.8830
0 0.392454 0.844481 0.366193 0.829034 0.373206 0.817112 0.399467 0.832560 0.1537
0 0.117494 0.444087 0.075674 0.433632 0.079504 0.418313 0.121324 0.428768 0.0805
0 0.021733 0.719638 0.000000 0.674017 0.001749 0.664756 0.034596 0.710377 0.0824
0 0.018765 0.716988 0.000000 0.668964 0.001390 0.660574 0.031951 0.708598 0.0917
0 0.074575 0.402309 0.029718 0.390347 0.034765 0.371423 0.079622 0.383385 0.1555
0 0.645029 0.181028 0.599456 0.153684 0.607843 0.139706 0.653416 0.167050 0.1190
0 0.098217 0.088766 0.067686 0.076554 0.074196 0.060277 0.104728 0.072490 0.1015
0 0.267184 0.883835 0.234948 0.816678 0.266633 0.801470 0.298868 0.868627 0.0535
0 0.099960 0.095503 0.067208 0.073668 0.077724 0.057893 0.110477 0.079728 0.0506
0 0.072436 0.403312 0.000548 0.384760 0.006183 0.362924 0.078071 0.381475 0.8725
0 0.069867 0.408588 0.049866 0.398988 0.054052 0.390268 0.074053 0.399868 0.0569
0 0.059881 0.768849 0.035920 0.717931 0.061912 0.705700 0.085873 0.756617 0.0999
0 0.131901 0.840365 0.108789 0.771029 0.135352 0.762174 0.158464 0.831510 0.1426
0 0.081430 0.415765 0.069211 0.397436 0.087540 0.385216 0.099760 0.403546 0.0566
0 0.100533 0.093356 0.067307 0.074749 0.076211 0.058850 0.109437 0.077457 0.1049
0 0.224173 0.985358 0.202204 0.960394 0.225260 0.940104 0.247229 0.965069 0.1217
0 0.290558 0.892333 0.286696 0.875596 0.299962 0.872535 0.303824 0.889272 0.0560
0 0.045428 0.799023 0.000000 0.683693 0.007144 0.668488 0.072330 0.783818 0.9022
0 0.132410 0.840822 0.107428 0.771430 0.133917 0.761894 0.158898 0.831286 0.9180
0 0.090495 0.867188 0.059245 0.867188 0.059245 0.779297 0.090495 0.779297 0.9159
0 0.075070 0.402694 0.027804 0.389804 0.033168 0.370137 0.080434 0.383028 0.1082
0 0.202568 0.954863 0.143916 0.834432 0.171807 0.820849 0.230458 0.941280 0.1473
0 0.021695 0.660022 0.000919 0.647557 0.006951 0.637504 0.027727 0.649969 0.0751
0 0.063169 0.767303 0.000000 0.646918 0.016874 0.632890 0.087187 0.753274 0.1945
0 0.268633 0.900682 0.236878 0.826587 0.254322 0.819112 0.286077 0.893207 0.1091
0 0.047945 0.798261 0.017748 0.748651 0.041479 0.734206 0.071677 0.783817 0.0718
0 0.099694 0.094686 0.068563 0.073030 0.078648 0.058533 0.109779 0.080189 0.0977
0 0.098661 0.839016 0.079259 0.784966 0.107104 0.774970 0.126506 0.829020 0.1528
0 0.099630 0.095151 0.067120 0.073948 0.077352 0.058260 0.109862 0.079462 0.1020
0 0.047813 0.798005 0.000000 0.709252 0.018784 0.694719 0.072036 0.783471 0.1484
0 0.280432 0.877947 0.248565 0.809113 0.267051 0.800555 0.298919 0.869388 0.9105
0 0.125023 0.420499 0.075794 0.405115 0.081749 0.386061 0.130978 0.401445 0.1539
0 0.074089 0.402179 0.028503 0.390023 0.033668 0.370653 0.079254 0.382810 0.1532
0 0.048323 0.797897 0.017122 0.749363 0.040353 0.734429 0.071553 0.782963 0.0736
0 0.068913 0.405254 0.012293 0.390887 0.015768 0.377193 0.072388 0.391560 0.1339
0 0.128624 0.424253 0.075592 0.422570 0.076239 0.402181 0.129271 0.403864 0.0565
0 0.046002 0.798520 0.000000 0.685843 0.007103 0.671054 0.071770 0.783731 0.2466
0 0.114055 0.441506 0.077244 0.433326 0.080293 0.419608 0.117103 0.427788 0.7846
0 0.121647 0.430663 0.070751 0.418787 0.074631 0.402158 0.125528 0.414034 0.8235
0 0.114759 0.441832 0.077825 0.434445 0.080554 0.420798 0.117488 0.428185 0.1736
0 0.061468 0.421580 0.000000 0.404014 0.005810 0.383635 0.067291 0.401201 0.1310
0 0.099036 0.094457 0.069229 0.072779 0.079279 0.058960 0.109086 0.080638 0.1184
0 0.101685 0.848408 0.079053 0.784754 0.108401 0.774319 0.131033 0.837973 0.1251
0 0.169816 0.976105 0.137047 0.863755 0.163797 0.855953 0.196566 0.968303 0.9373
0 0.072959 0.402972 0.024726 0.388064 0.030691 0.368767 0.078924 0.383675 0.1552
0 0.101823 0.846995 0.078486 0.785319 0.107330 0.774405 0.130667 0.836081 0.1508
0 0.262413 0.922791 0.231708 0.857288 0.250390 0.848531 0.281094 0.914034 0.1333
0 0.100420 0.092651 0.067012 0.075329 0.075486 0.058986 0.108894 0.076308 0.1086
0 0.061832 0.423791 0.004492 0.401947 0.012381 0.381236 0.069722 0.403080 0.0807
0 0.125578 0.914789 0.080596 0.787667 0.111297 0.776804 0.156279 0.903926 0.1667
0 0.308918 0.935342 0.285965 0.880827 0.303603 0.873401 0.326556 0.927915 0.0662
0 0.308777 0.934694 0.283698 0.878634 0.300657 0.871046 0.325737 0.927107 0.9133
0 0.100775 0.936246 0.075018 0.863267 0.102364 0.853616 0.128121 0.926595 0.9274
0 0.122549 0.431028 0.070619 0.418045 0.074793 0.401348 0.126723 0.414331 0.2284
0 0.100297 0.094423 0.067569 0.074283 0.077203 0.058627 0.109931 0.078768 0.0982
0 0.122842 0.431707 0.071668 0.420473 0.075443 0.403279 0.126616 0.414513 0.2142
0 0.121407 0.911545 0.117637 0.839923 0.142548 0.838612 0.146317 0.910234 0.1182
0 0.122525 0.433318 0.082874 0.422215 0.087478 0.405770 0.127130 0.416872 0.1599
0 0.044033 0.798700 0.000000 0.680479 0.008381 0.666127 0.071090 0.784348 0.1043
0 0.071956 0.402845 0.000542 0.386042 0.005750 0.363907 0.077164 0.380710 0.0843
0 0.134348 0.840401 0.110040 0.770337 0.135667 0.761446 0.159975 0.831509 0.0514
0 0.100213 0.090690 0.067922 0.075621 0.075174 0.060081 0.107465 0.075150 0.2860
0 0.064081 0.767874 0.000000 0.646166 0.015820 0.631994 0.087983 0.753702 0.9485
0 0.126482 0.915521 0.075647 0.787663 0.107014 0.775192 0.157848 0.903050 0.9345
0 0.102214 0.936849 0.074196 0.866806 0.100911 0.856120 0.128929 0.926163 0.0722
0 0.098610 0.094148 0.069229 0.072779 0.078998 0.059347 0.108379 0.080715 0.1258
0 0.122462 0.443968 0.076351 0.433944 0.079700 0.418538 0.125811 0.428562 0.0994
0 0.063577 0.767463 0.000000 0.646713 0.016652 0.632727 0.087437 0.753476 0.1894
0 0.090495 0.867188 0.059896 0.867188 0.059896 0.779297 0.090495 0.779297 0.1394
0 0.025895 0.389846 0.001002 0.381060 0.007612 0.362330 0.032506 0.371116 0.1440
0 0.130631 0.839472 0.106984 0.771160 0.132632 0.762282 0.156278 0.830594 0.0515
0 0.100651 0.091667 0.067839 0.075260 0.075651 0.059635 0.108464 0.076042 0.2712
0 0.061719 0.422917 0.001367 0.402799 0.008464 0.381510 0.068815 0.401628 0.1060
0 0.103237 0.938303 0.080700 0.884778 0.107419 0.873528 0.129956 0.927053 0.0547
0 0.169537 0.975410 0.138108 0.863664 0.164673 0.856192 0.196101 0.967938 0.1505
0 0.073220 0.400887 0.000579 0.385241 0.005413 0.362795 0.078055 0.378440 0.0980
0 0.072591 0.403971 0.025911 0.388411 0.032357 0.369076 0.079036 0.384635 0.1188
0 0.114490 0.443695 0.075506 0.432866 0.079573 0.418226 0.118557 0.429055 0.1902
0 0.100200 0.094549 0.067230 0.074140 0.076956 0.058428 0.109926 0.078838 0.0560
0 0.215854 0.987214 0.182755 0.915501 0.210169 0.902849 0.243267 0.974562 0.1077
0 0.065926 0.767084 0.000000 0.655165 0.010366 0.632747 0.095424 0.744665 0.1024
0 0.101827 0.935508 0.074733 0.864387 0.101427 0.854218 0.128521 0.925339 0.1889
0 0.047671 0.394192 0.001091 0.385458 0.005233 0.363367 0.051813 0.372101 0.2516
0 0.093479 0.424727 0.068889 0.413969 0.075224 0.399488 0.099814 0.410246 0.1817
0 0.100130 0.092839 0.068019 0.074489 0.076552 0.059555 0.108664 0.077905 0.1533
0 0.100809 0.093447 0.067042 0.074816 0.076044 0.058501 0.109811 0.077131 0.0974
0 0.101482 0.935333 0.074540 0.863487 0.101366 0.853427 0.128309 0.925273 0.0506
0 0.093034 0.084831 0.068424 0.076628 0.073633 0.061003 0.098242 0.069206 0.0975
0 0.102348 0.937837 0.080348 0.882835 0.107063 0.872149 0.129063 0.927151 0.0576
0 0.260259 0.921808 0.224295 0.831897 0.255949 0.819235 0.291914 0.909146 0.0933
0 0.100414 0.094363 0.067191 0.074429 0.076842 0.058345 0.110064 0.078278 0.1059
0 0.100285 0.094501 0.067177 0.074348 0.076832 0.058486 0.109940 0.078639 0.1196
0 0.072419 0.401731 0.001187 0.383923 0.006625 0.362171 0.077857 0.379979 0.1609
0 0.124393 0.432930 0.081134 0.424558 0.084456 0.407391 0.127716 0.415764 0.0613
0 0.075789 0.403225 0.010072 0.386795 0.015395 0.365502 0.081112 0.381932 0.0657
0 0.100406 0.094703 0.067725 0.073786 0.077609 0.058342 0.110291 0.079258 0.0980
0 0.125239 0.415238 0.078392 0.400824 0.083333 0.384766 0.130180 0.399180 0.8597
0 0.263419 0.923131 0.231594 0.857360 0.249156 0.848863 0.280980 0.914634 0.9254
0 0.028707 0.390349 0.000996 0.384191 0.005668 0.363166 0.033379 0.369324 0.1921
0 0.070985 0.402914 0.000438 0.384101 0.006208 0.362463 0.076755 0.381275 0.1877
0 0.279936 0.877525 0.248317 0.809228 0.267300 0.800440 0.298919 0.868737 0.1224
0 0.303322 0.939374 0.224816 0.841241 0.252525 0.819074 0.331031 0.917207 0.1302
0 0.100706 0.094010 0.067067 0.074387 0.076442 0.058317 0.110080 0.077939 0.1116
0 0.308928 0.934329 0.283756 0.878951 0.300728 0.871236 0.325900 0.926615 0.1519
0 0.047930 0.388451 0.002813 0.382005 0.005430 0.363685 0.050547 0.370130 0.0525
0 0.271063 0.916284 0.265165 0.892693 0.272672 0.890817 0.278569 0.914407 0.0539
0 0.094433 0.424972 0.068995 0.414262 0.075172 0.399593 0.100610 0.410303 0.2201
0 0.099626 0.094620 0.067535 0.074082 0.077314 0.058804 0.109404 0.079341 0.0949
0 0.063779 0.767839 0.000000 0.646491 0.018664 0.632985 0.087565 0.754334 0.0863
0 0.125356 0.415921 0.078698 0.400923 0.083995 0.384443 0.130653 0.399441 0.1842
0 0.116650 0.445465 0.074818 0.432019 0.080047 0.415750 0.121880 0.429196 0.0645
0 0.318359 0.930339 0.308594 0.930339 0.308594 0.924479 0.318359 0.924479 0.0560
0 0.171324 0.885917 0.142398 0.835296 0.170022 0.819511 0.198948 0.870132 0.1085
0 0.124909 0.413403 0.075574 0.400482 0.079894 0.383989 0.129229 0.396910 0.0592
