0 0.839193 0.032552 0.817708 0.032552 0.817708 0.000000 0.839193 0.000000 0.0575
0 0.746745 0.572266 0.730860 0.540495 0.768099 0.521875 0.783984 0.553646 0.1356
0 0.823823 0.144630 0.803623 0.127913 0.828654 0.097668 0.848854 0.114384 0.1096
0 0.837891 0.032552 0.805990 0.032552 0.805990 0.000000 0.837891 0.000000 0.0842
0 0.034171 0.051790 0.008504 0.007789 0.026274 0.000000 0.051942 0.041424 0.1030
0 0.041433 0.096291 0.037520 0.029771 0.055572 0.028709 0.059485 0.095229 0.0833
0 0.039714 0.401042 0.000000 0.401042 0.000000 0.359375 0.039714 0.359375 0.1093
0 0.210286 0.265625 0.190755 0.265625 0.190755 0.251302 0.210286 0.251302 0.0824
0 0.807578 0.024141 0.804154 0.000169 0.813177 0.000000 0.816602 0.022852 0.0549
0 0.064593 0.099388 0.027284 0.088942 0.044316 0.028112 0.081626 0.038558 0.0569
0 0.038523 0.444312 0.027090 0.443042 0.030440 0.412887 0.041873 0.414158 0.0566
0 0.040365 0.443359 0.021484 0.443359 0.021484 0.412760 0.040365 0.412760 0.0666
0 0.823438 0.319271 0.810938 0.313021 0.823047 0.288802 0.835547 0.295052 0.1032
