0 0.972633 0.929349 0.964537 0.901821 0.973137 0.899292 0.981234 0.926820 0.3268
0 0.899038 0.704828 0.857121 0.676883 0.864133 0.666366 0.906050 0.694311 0.6788
0 0.826263 0.837323 0.807142 0.836391 0.808742 0.803599 0.827863 0.804532 0.4194
0 0.908171 0.786159 0.892429 0.767269 0.901266 0.759904 0.917008 0.778795 0.0808
0 0.897625 0.703728 0.857557 0.675681 0.865296 0.664626 0.905363 0.692673 0.0608
0 0.296224 0.673177 0.251953 0.673177 0.251953 0.644531 0.296224 0.644531 0.0508
0 0.824544 0.733398 0.807292 0.716146 0.820313 0.703125 0.837565 0.720378 0.2253
0 0.842504 0.840433 0.839468 0.773632 0.868645 0.772306 0.871682 0.839107 0.2536
0 0.940755 0.922526 0.912760 0.922526 0.912760 0.905599 0.940755 0.905599 0.3258
0 0.907571 0.831804 0.890742 0.801512 0.902516 0.794971 0.919345 0.825263 0.1422
0 0.806123 0.722081 0.786408 0.700175 0.794609 0.692795 0.814324 0.714700 0.1968
0 0.833984 0.807943 0.821942 0.797239 0.831317 0.786692 0.843359 0.797396 0.1624
0 0.758911 0.711796 0.746101 0.694183 0.755198 0.687567 0.768008 0.705180 0.0793
0 0.905025 0.833678 0.884574 0.799594 0.898552 0.791207 0.919003 0.825291 0.1255
0 0.847656 0.798828 0.839193 0.798828 0.839193 0.772135 0.847656 0.772135 0.3248
0 0.861517 0.814502 0.837511 0.813090 0.839936 0.771873 0.863941 0.773285 0.3456
0 0.857954 0.710007 0.838733 0.679802 0.847790 0.674039 0.867011 0.704243 0.0657
0 0.985812 0.599807 0.957465 0.577324 0.965422 0.567291 0.993769 0.589774 0.0781
0 0.854490 0.841262 0.844206 0.819409 0.873239 0.805746 0.883523 0.827600 0.2245
0 0.900126 0.734336 0.896310 0.696176 0.912748 0.694533 0.916564 0.732693 0.1319
0 0.735337 0.565224 0.705769 0.561529 0.707382 0.548628 0.736949 0.552324 0.1518
0 0.802865 0.736068 0.793229 0.731250 0.800911 0.715885 0.810547 0.720703 0.0524
0 0.954427 0.907552 0.904297 0.907552 0.904297 0.898438 0.954427 0.898438 0.1801
0 0.897685 0.704357 0.857602 0.676607 0.865406 0.665333 0.905490 0.693083 0.2143
0 0.902799 0.878841 0.887370 0.873698 0.889714 0.866667 0.905143 0.871810 0.1880
0 0.971484 0.876563 0.958398 0.872201 0.967904 0.843685 0.980990 0.848047 0.1799
0 0.708984 0.720703 0.707454 0.705021 0.737230 0.702116 0.738760 0.717798 0.0864
0 0.552083 0.554036 0.519914 0.545994 0.522595 0.535271 0.554764 0.543313 0.2478
0 0.711414 0.887437 0.708058 0.878712 0.724724 0.872302 0.728079 0.881027 0.1777
0 0.852139 0.727384 0.822735 0.692100 0.829843 0.686177 0.859247 0.721461 0.5203
0 0.833846 0.809366 0.822554 0.796460 0.832832 0.787467 0.844125 0.800372 0.2050
0 0.902018 0.848633 0.879232 0.825846 0.889323 0.815755 0.912109 0.838542 0.2800
0 0.467253 0.353414 0.459503 0.328614 0.471440 0.324884 0.479190 0.349684 0.0964
0 0.901542 0.734275 0.893930 0.696214 0.908203 0.693359 0.915815 0.731420 0.2205
0 0.518041 0.368457 0.517006 0.353975 0.543055 0.352114 0.544089 0.366596 0.0669
0 0.852129 0.837789 0.838488 0.833777 0.845009 0.811606 0.858649 0.815618 0.2775
0 0.928438 0.881797 0.887331 0.875924 0.889141 0.863255 0.930247 0.869128 0.1366
0 0.852523 0.727064 0.824347 0.693253 0.831391 0.687383 0.859567 0.721194 0.1155
0 0.999349 0.578125 0.991536 0.578125 0.991536 0.536458 0.999349 0.536458 0.1936
0 0.848712 0.831855 0.837310 0.816177 0.862201 0.798075 0.873603 0.813753 0.1738
0 0.858324 0.707621 0.844136 0.685087 0.850076 0.681347 0.864264 0.703881 0.0521
0 0.927734 0.731771 0.903646 0.731771 0.903646 0.687500 0.927734 0.687500 0.1374
0 0.848897 0.824759 0.830668 0.819551 0.836097 0.800548 0.854326 0.805756 0.2153
0 0.833276 0.815261 0.823746 0.794839 0.837539 0.788402 0.847069 0.808824 0.2180
0 0.316000 0.584835 0.277466 0.576271 0.279795 0.565794 0.318329 0.574357 0.5415
0 0.927764 0.885468 0.887243 0.874662 0.890701 0.861696 0.931222 0.872501 0.2511
0 0.549329 0.541116 0.533103 0.516777 0.551432 0.504557 0.567658 0.528896 0.1124
0 0.551644 0.540964 0.533759 0.512348 0.551432 0.501302 0.569318 0.529919 0.0504
0 0.953776 0.906250 0.904948 0.906250 0.904948 0.898438 0.953776 0.898438 0.2031
0 0.844287 0.812861 0.831310 0.794693 0.848738 0.782244 0.861715 0.800412 0.1949
0 0.318002 0.583294 0.289563 0.580134 0.290714 0.569773 0.319153 0.572933 0.0955
0 0.296296 0.579979 0.277056 0.573966 0.279617 0.565774 0.298856 0.571786 0.1170
0 0.968647 0.599722 0.962966 0.569895 0.992524 0.564265 0.998205 0.594092 0.0680
0 0.959070 0.874324 0.951897 0.849216 0.992998 0.837473 1.000000 0.862581 0.4549
0 0.929107 0.886028 0.896329 0.877088 0.899634 0.864969 0.932412 0.873908 0.1395
0 0.904477 0.703037 0.878517 0.694051 0.883439 0.679829 0.909400 0.688816 0.1624
0 0.855469 0.833333 0.846745 0.815886 0.870964 0.803776 0.879688 0.821224 0.1852
0 0.810856 0.836750 0.794351 0.816577 0.827358 0.789572 0.843863 0.809744 0.2365
0 0.908381 0.830404 0.871409 0.769400 0.886487 0.760261 0.923459 0.821266 0.2855
0 0.911109 0.830841 0.866727 0.795335 0.880828 0.777709 0.925210 0.813215 0.0847
0 0.660206 0.767328 0.646985 0.747496 0.658854 0.739583 0.672075 0.759415 0.4292
0 0.887370 0.832682 0.876302 0.832682 0.876302 0.811198 0.887370 0.811198 0.2077
0 0.999349 0.578776 0.990885 0.578776 0.990885 0.548177 0.999349 0.548177 0.0657
0 0.548315 0.534423 0.540141 0.513533 0.551432 0.509115 0.559607 0.530005 0.0704
0 0.467578 0.521094 0.461589 0.509115 0.475391 0.502214 0.481380 0.514193 0.0798
0 0.737297 0.717084 0.709645 0.713893 0.710808 0.703811 0.738460 0.707002 0.0836
0 0.658333 0.767839 0.648307 0.747787 0.661328 0.741276 0.671354 0.761328 0.0651
0 0.806966 0.721680 0.786458 0.701172 0.793620 0.694010 0.814128 0.714518 0.3369
0 0.315602 0.585248 0.277305 0.575674 0.279948 0.565104 0.318245 0.574678 0.1306
0 0.870890 0.824557 0.857682 0.799609 0.874643 0.790630 0.887850 0.815578 0.1163
0 0.833984 0.701172 0.830404 0.697591 0.833008 0.694987 0.836589 0.698568 0.0575
0 0.992182 0.598592 0.958790 0.590447 0.963915 0.569435 0.997307 0.577579 0.0806
0 0.718099 0.399089 0.689453 0.399089 0.689453 0.390625 0.718099 0.390625 0.1125
0 0.953776 0.906901 0.904948 0.906901 0.904948 0.899089 0.953776 0.899089 0.5372
0 0.891683 0.838966 0.866030 0.829804 0.871141 0.815493 0.896794 0.824655 0.1402
0 0.903906 0.736849 0.892839 0.714714 0.904818 0.708724 0.915886 0.730860 0.1122
0 0.902604 0.823438 0.888281 0.794792 0.898177 0.789844 0.912500 0.818490 0.1910
0 0.928339 0.889530 0.888013 0.880568 0.891475 0.864989 0.931801 0.873951 0.1166
0 0.884926 0.790142 0.874251 0.761674 0.883954 0.758036 0.894629 0.786503 0.2069
0 0.910307 0.831564 0.892749 0.805743 0.901884 0.799531 0.919443 0.825352 0.2551
0 0.657592 0.762049 0.646339 0.747581 0.657021 0.739273 0.668274 0.753741 0.0987
0 0.801107 0.712565 0.787760 0.699219 0.791992 0.694987 0.805339 0.708333 0.0639
0 0.812132 0.973085 0.810757 0.955212 0.822158 0.954335 0.823533 0.972208 0.2134
0 0.841617 0.797386 0.838492 0.772386 0.860286 0.769662 0.863411 0.794662 0.2266
0 0.827344 0.737370 0.806250 0.730339 0.812044 0.712956 0.833138 0.719987 0.2460
0 0.752604 0.711589 0.743146 0.694773 0.755788 0.687662 0.765246 0.704477 0.0969
0 0.987297 0.912785 0.970569 0.896853 0.978063 0.888985 0.994791 0.904916 0.3341
0 0.999349 0.582682 0.987630 0.582682 0.987630 0.542969 0.999349 0.542969 0.0608
0 0.736709 0.717007 0.710266 0.713702 0.711378 0.704808 0.737821 0.708113 0.2460
0 0.550743 0.551930 0.530733 0.539924 0.551241 0.505744 0.571251 0.517750 0.0867
0 0.746745 0.777995 0.723583 0.773362 0.725210 0.765224 0.748372 0.769857 0.4132
0 0.710547 0.887500 0.707292 0.877734 0.724870 0.871875 0.728125 0.881641 0.0523
0 0.920898 0.735352 0.897266 0.727474 0.909570 0.690560 0.933203 0.698438 0.1449
0 0.801432 0.712891 0.791016 0.702474 0.794922 0.698568 0.805339 0.708984 0.0603
0 0.984316 0.599853 0.959088 0.575595 0.966331 0.568062 0.991559 0.592320 0.3221
0 0.995630 0.929152 0.973730 0.928618 0.974658 0.890579 0.996558 0.891113 0.4608
0 0.838542 0.813151 0.822266 0.813151 0.822266 0.790365 0.838542 0.790365 0.2011
0 0.909427 0.833229 0.890365 0.807813 0.901198 0.799688 0.920260 0.825104 0.1645
0 0.838812 0.810071 0.826553 0.794747 0.839971 0.784013 0.852230 0.799336 0.2090
0 0.550062 0.539246 0.534409 0.514896 0.551157 0.504129 0.566811 0.528479 0.0670
0 0.903060 0.737826 0.894011 0.710677 0.909831 0.705404 0.918880 0.732552 0.1092
0 0.940738 0.115780 0.935265 0.082946 0.947723 0.080870 0.953195 0.113704 0.1360
0 0.827747 0.737224 0.796224 0.730469 0.799406 0.715619 0.830929 0.722374 0.2509
0 0.831158 0.817404 0.823225 0.794928 0.839095 0.789327 0.847027 0.811803 0.2707
0 0.849492 0.820887 0.829987 0.820164 0.830830 0.797409 0.850334 0.798132 0.2602
0 0.547787 0.540885 0.532292 0.509896 0.552865 0.499609 0.568359 0.530599 0.0723
0 0.982017 0.857557 0.976149 0.852108 0.990966 0.836152 0.996834 0.841601 0.1542
0 0.899931 0.850463 0.865623 0.814011 0.878762 0.801645 0.913070 0.838097 0.4672
0 0.857663 0.841832 0.841118 0.832732 0.857049 0.803766 0.873594 0.812866 0.3539
0 0.973112 0.930404 0.963542 0.901693 0.978190 0.896810 0.987760 0.925521 0.1449
0 0.942383 0.092122 0.939779 0.089518 0.941732 0.087565 0.944336 0.090169 0.0507
0 0.735572 0.565789 0.703772 0.560897 0.705804 0.547688 0.737604 0.552580 0.0508
0 0.974794 0.065265 0.968136 0.048991 0.997897 0.036816 1.000000 0.053090 0.1223
0 0.833884 0.813001 0.822266 0.795573 0.835787 0.786558 0.847406 0.803986 0.2508
0 0.910156 0.710286 0.898438 0.710286 0.898438 0.687500 0.910156 0.687500 0.1365
0 0.884810 0.825143 0.869378 0.805596 0.878582 0.798330 0.894014 0.817877 0.2247
0 0.766355 0.748401 0.742055 0.696329 0.758200 0.688795 0.782500 0.740866 0.2320
0 0.999349 0.578776 0.990234 0.578776 0.990234 0.538411 0.999349 0.538411 0.1080
0 0.821615 0.457682 0.809245 0.445312 0.819336 0.435221 0.831706 0.447591 0.1274
0 0.229369 0.435236 0.223248 0.422120 0.239358 0.414602 0.245478 0.427718 0.1043
0 0.855960 0.845244 0.840847 0.832650 0.860698 0.808829 0.875811 0.821423 0.2059
0 0.767188 0.750076 0.741462 0.696785 0.757757 0.688919 0.783483 0.742209 0.8230
0 0.950521 0.907552 0.904297 0.907552 0.904297 0.899089 0.950521 0.899089 0.1379
0 0.999349 0.578776 0.990885 0.578776 0.990885 0.537109 0.999349 0.537109 0.1962
0 0.886793 0.826791 0.869204 0.807133 0.878339 0.798959 0.895928 0.818618 0.2568
0 0.907211 0.834486 0.892269 0.816556 0.900721 0.809512 0.915663 0.827442 0.1057
0 0.718099 0.399740 0.688802 0.399740 0.688802 0.389974 0.718099 0.389974 0.0519
0 0.896511 0.805156 0.868854 0.768281 0.881042 0.759141 0.908698 0.796016 0.4639
0 0.819825 0.740491 0.781820 0.706829 0.793102 0.694091 0.831107 0.727753 0.5498
0 0.812219 0.837397 0.805149 0.834937 0.812052 0.815090 0.819122 0.817549 0.2095
0 0.850078 0.834609 0.837344 0.817630 0.862865 0.798490 0.875599 0.815469 0.2576
0 0.895855 0.703466 0.857099 0.676336 0.864011 0.666461 0.902768 0.693591 0.2073
0 0.922158 0.736285 0.895352 0.730641 0.903862 0.690218 0.930668 0.695862 0.3148
0 0.735867 0.565535 0.702534 0.561368 0.704227 0.547827 0.737560 0.551993 0.0583
0 0.733792 0.566424 0.706340 0.559307 0.709696 0.546360 0.737148 0.553477 0.0547
0 0.943363 0.924433 0.908940 0.921974 0.909994 0.907215 0.944417 0.909674 0.1590
0 0.990985 0.869942 0.975961 0.866937 0.981896 0.837265 0.996920 0.840270 0.1452
0 0.902337 0.815947 0.871714 0.792748 0.880489 0.781166 0.911111 0.804365 0.1502
0 0.927464 0.885757 0.887194 0.874775 0.890545 0.862490 0.930814 0.873473 0.6402
0 0.548177 0.540365 0.532682 0.509375 0.552734 0.499349 0.568229 0.530339 0.0558
