0 0.298466 0.692837 0.289929 0.677470 0.309497 0.666599 0.318034 0.681966 0.0862
0 0.049366 0.364084 0.036168 0.347953 0.041628 0.343486 0.054826 0.359617 0.0519
0 0.014312 0.371580 0.001954 0.333270 0.020862 0.327171 0.033220 0.365481 0.0764
0 0.953360 0.787832 0.948751 0.760943 0.966568 0.757889 0.971178 0.784777 0.0707
0 0.996386 0.586993 0.969906 0.575644 0.975463 0.562680 1.000000 0.574028 0.3396
0 0.039872 0.355596 0.013751 0.334699 0.020611 0.326124 0.046732 0.347021 0.0632
0 0.978766 0.617788 0.949319 0.598157 0.966546 0.572316 0.995994 0.591947 0.3845
0 0.964193 0.775391 0.947396 0.769792 0.952213 0.755339 0.969010 0.760938 0.0535
0 0.050297 0.368599 0.000000 0.355659 0.004451 0.327813 0.057137 0.340754 0.1039
0 0.946850 0.815715 0.916526 0.802238 0.940608 0.748054 0.970931 0.761531 0.8467
0 0.050666 0.363336 0.024840 0.343249 0.032061 0.333964 0.057888 0.354051 0.0754
0 0.999349 0.629557 0.986979 0.629557 0.986979 0.607422 0.999349 0.607422 0.1111
0 0.945443 0.814844 0.916016 0.800130 0.941667 0.748828 0.971094 0.763542 0.1724
0 0.958872 0.781303 0.949739 0.762021 0.964040 0.755247 0.973173 0.774529 0.0649
0 0.999349 0.628255 0.986328 0.628255 0.986328 0.600911 0.999349 0.600911 0.2600
0 0.922526 0.850911 0.915365 0.850911 0.915365 0.841797 0.922526 0.841797 0.0550
0 0.050188 0.369056 0.000000 0.355344 0.001262 0.326887 0.057168 0.340600 0.0715
0 0.413527 0.713519 0.384065 0.699377 0.397434 0.671524 0.426896 0.685665 0.1303
0 0.782310 0.532454 0.779498 0.525806 0.799271 0.517441 0.802083 0.524089 0.0825
0 0.998663 0.627566 0.947400 0.599738 0.969558 0.558921 1.000000 0.586749 0.0706
0 0.962891 0.776693 0.949544 0.763346 0.959310 0.753581 0.972656 0.766927 0.0559
0 0.140425 0.526392 0.128405 0.508363 0.145533 0.496945 0.157552 0.514974 0.1539
0 0.139971 0.547132 0.116088 0.519667 0.143795 0.495573 0.167679 0.523039 0.0669
0 0.994713 0.586350 0.971242 0.579830 0.975029 0.566197 0.998500 0.572717 0.0886
0 0.991536 0.592448 0.969340 0.576910 0.979372 0.562579 1.000000 0.578116 0.0614
0 0.998194 0.584119 0.969045 0.575791 0.972656 0.563151 1.000000 0.571479 0.0665
0 0.455367 0.463923 0.427813 0.456575 0.432513 0.438948 0.460068 0.446296 0.0875
0 0.997992 0.628442 0.951243 0.598797 0.970561 0.568333 1.000000 0.597979 0.0822
0 0.943141 0.812109 0.919896 0.806530 0.928341 0.771344 0.951586 0.776922 0.0671
0 0.089964 0.359716 0.059115 0.355859 0.060737 0.342879 0.091587 0.346735 0.1168
0 0.453776 0.729167 0.445964 0.729167 0.445964 0.720052 0.453776 0.720052 0.0768
0 0.048866 0.368385 0.000304 0.350726 0.008839 0.327255 0.057401 0.344914 0.1028
0 0.992122 0.604362 0.984505 0.601823 0.989583 0.586589 0.997201 0.589128 0.0987
0 0.980268 0.616186 0.950521 0.596354 0.967348 0.571114 0.997095 0.590945 0.0850
0 0.731039 0.517246 0.697526 0.514453 0.698828 0.498828 0.732341 0.501621 0.0524
0 0.999349 0.629557 0.986979 0.629557 0.986979 0.606771 0.999349 0.606771 0.1502
