0 0.387370 0.666667 0.375651 0.666667 0.375651 0.653646 0.387370 0.653646 0.0709
0 0.807965 0.549749 0.783270 0.539871 0.799614 0.499012 0.824309 0.508890 0.4275
0 0.719948 0.689851 0.697548 0.670250 0.725214 0.638632 0.747615 0.658232 0.0875
0 0.693818 0.729126 0.686849 0.714193 0.696543 0.709669 0.703512 0.724602 0.1979
0 0.388997 0.674154 0.377083 0.670182 0.382161 0.654948 0.394076 0.658919 0.0514
0 0.388672 0.669922 0.381510 0.669922 0.381510 0.654297 0.388672 0.654297 0.1390
0 0.742628 0.544550 0.730980 0.537830 0.748777 0.506981 0.760425 0.513701 0.1251
0 0.741489 0.591329 0.733943 0.590898 0.735436 0.564755 0.742983 0.565187 0.2108
0 0.812039 0.537590 0.799910 0.530659 0.806801 0.518600 0.818930 0.525531 0.2214
0 0.735867 0.585645 0.725345 0.582408 0.731947 0.560952 0.742469 0.564189 0.2059
0 0.381839 0.670204 0.373975 0.669680 0.374991 0.654427 0.382856 0.654951 0.1526
0 0.737520 0.585517 0.726943 0.584195 0.729357 0.564884 0.739934 0.566206 0.3061
0 0.741285 0.591611 0.724366 0.587801 0.744584 0.498030 0.761504 0.501840 0.1302
0 0.766847 0.721108 0.748310 0.664174 0.767872 0.657804 0.786409 0.714739 0.2704
0 0.738281 0.492839 0.702474 0.492839 0.702474 0.468099 0.738281 0.468099 0.0947
0 0.388021 0.669922 0.380208 0.669922 0.380208 0.654297 0.388021 0.654297 0.1417
0 0.741536 0.576823 0.730143 0.565430 0.744141 0.551432 0.755534 0.562826 0.0794
0 0.797760 0.514661 0.792656 0.510833 0.804688 0.494792 0.809792 0.498620 0.2518
0 0.797230 0.513191 0.792704 0.509168 0.805024 0.495308 0.809550 0.499331 0.3652
0 0.770312 0.721118 0.743066 0.661177 0.760136 0.653418 0.787381 0.713359 0.6523
0 0.813389 0.534897 0.796998 0.532636 0.800155 0.509747 0.816546 0.512007 0.2473
0 0.738168 0.477348 0.704781 0.475543 0.705244 0.466982 0.738631 0.468786 0.1501
0 0.772518 0.721634 0.754868 0.691849 0.764005 0.686435 0.781655 0.716219 0.0935
0 0.763672 0.533854 0.759766 0.529948 0.774089 0.515625 0.777995 0.519531 0.1334
0 0.784647 0.541096 0.781530 0.525065 0.811711 0.519196 0.814829 0.535228 0.2356
0 0.740234 0.561198 0.731211 0.559909 0.734154 0.539310 0.743177 0.540599 0.0619
0 0.380859 0.669922 0.374349 0.669922 0.374349 0.654948 0.380859 0.654948 0.1627
0 0.627604 0.584635 0.613281 0.584635 0.613281 0.565755 0.627604 0.565755 0.0587
0 0.389323 0.671224 0.381510 0.671224 0.381510 0.654948 0.389323 0.654948 0.1451
0 0.391276 0.671875 0.382812 0.671875 0.382812 0.654948 0.391276 0.654948 0.0881
0 0.390625 0.673177 0.386068 0.673177 0.386068 0.662760 0.390625 0.662760 0.0565
0 0.747446 0.671488 0.736776 0.654722 0.744822 0.649602 0.755492 0.666368 0.0663
0 0.724687 0.689982 0.715018 0.689015 0.720168 0.637512 0.729837 0.638479 0.6094
0 0.761739 0.721974 0.750029 0.665766 0.769138 0.661784 0.780848 0.717993 0.3114
0 0.789063 0.545573 0.780273 0.536784 0.795898 0.521159 0.804688 0.529948 0.1687
0 0.714416 0.503564 0.704270 0.489516 0.732533 0.469104 0.742679 0.483152 0.0906
0 0.743936 0.577672 0.726965 0.567065 0.736804 0.551323 0.753775 0.561929 0.0837
0 0.724253 0.495755 0.699866 0.474549 0.716867 0.454998 0.741254 0.476204 0.2756
0 0.798719 0.515441 0.792647 0.510770 0.804627 0.495196 0.810699 0.499867 0.0686
0 0.735739 0.664330 0.730500 0.652803 0.741585 0.647764 0.746825 0.659291 0.2022
0 0.388021 0.667318 0.380859 0.667318 0.380859 0.654297 0.388021 0.654297 0.1480
0 0.772451 0.694140 0.750021 0.677613 0.757025 0.668108 0.779455 0.684635 0.4647
0 0.719761 0.689153 0.697333 0.667300 0.725243 0.638655 0.747671 0.660508 0.4072
0 0.712344 0.529533 0.700570 0.496349 0.712638 0.492067 0.724413 0.525250 0.1198
0 0.374935 0.671680 0.370898 0.659570 0.377539 0.657357 0.381575 0.669466 0.0918
0 0.714193 0.531250 0.696671 0.500412 0.708975 0.493421 0.726497 0.524259 0.0595
0 0.771224 0.720833 0.756510 0.691406 0.764844 0.687240 0.779557 0.716667 0.3188
0 0.805552 0.525647 0.799468 0.518346 0.813108 0.506980 0.819192 0.514280 0.2188
0 0.379557 0.669271 0.373698 0.669271 0.373698 0.654948 0.379557 0.654948 0.1366
0 0.682166 0.726588 0.679763 0.714568 0.686398 0.713241 0.688802 0.725260 0.2028
0 0.763346 0.534831 0.758789 0.530273 0.774089 0.514974 0.778646 0.519531 0.0832
0 0.927604 0.682031 0.916927 0.660677 0.932292 0.652995 0.942969 0.674349 0.0536
0 0.797123 0.518690 0.789748 0.512237 0.804751 0.495091 0.812126 0.501544 0.1359
0 0.738136 0.682185 0.726369 0.681064 0.728678 0.656824 0.740445 0.657944 0.0932
0 0.798999 0.517583 0.790754 0.513185 0.799747 0.496324 0.807992 0.500721 0.0915
0 0.741128 0.592690 0.724006 0.589504 0.729860 0.558041 0.746982 0.561227 0.1025
0 0.709896 0.511198 0.696094 0.504297 0.701432 0.493620 0.715234 0.500521 0.1644
0 0.389323 0.668620 0.382161 0.668620 0.382161 0.654297 0.389323 0.654297 0.1291
0 0.789078 0.545065 0.781218 0.538777 0.792397 0.524803 0.800257 0.531091 0.1618
0 0.718880 0.689121 0.699164 0.665298 0.714366 0.652716 0.734082 0.676540 0.0664
0 0.773307 0.525651 0.768620 0.523307 0.773177 0.514193 0.777865 0.516537 0.0651
0 0.800253 0.538500 0.796541 0.516223 0.813116 0.513461 0.816828 0.535737 0.0542
0 0.731951 0.494659 0.724011 0.487442 0.736296 0.473929 0.744235 0.481146 0.0608
0 0.389974 0.671224 0.381510 0.671224 0.381510 0.654297 0.389974 0.654297 0.1146
0 0.708138 0.512305 0.694271 0.507682 0.698698 0.494401 0.712565 0.499023 0.1002
0 0.745254 0.717624 0.734377 0.680917 0.743998 0.678066 0.754874 0.714774 0.0848
0 0.790807 0.546068 0.781536 0.539115 0.793255 0.523490 0.802526 0.530443 0.1978
0 0.789358 0.544841 0.781384 0.539041 0.791631 0.524951 0.799606 0.530750 0.2027
0 0.380208 0.669922 0.373698 0.669922 0.373698 0.654948 0.380208 0.654948 0.1222
0 0.742388 0.542668 0.732171 0.535857 0.759415 0.494992 0.769631 0.501803 0.2256
0 0.387370 0.670573 0.378906 0.670573 0.378906 0.654297 0.387370 0.654297 0.1533
0 0.711914 0.508138 0.700195 0.496419 0.717773 0.478841 0.729492 0.490560 0.1186
0 0.754512 0.697029 0.742606 0.674132 0.752691 0.668887 0.764598 0.691784 0.0757
0 0.747303 0.718605 0.735733 0.688853 0.747420 0.684308 0.758991 0.714060 0.2415
0 0.741484 0.590859 0.726354 0.588698 0.730469 0.559896 0.745599 0.562057 0.5274
0 0.689063 0.727344 0.685156 0.725391 0.686198 0.723307 0.690104 0.725260 0.1481
0 0.771846 0.721215 0.756435 0.691494 0.766507 0.686271 0.781918 0.715992 0.1265
0 0.757813 0.543620 0.748188 0.534871 0.770135 0.510729 0.779759 0.519478 0.0654
0 0.738113 0.477620 0.707299 0.475419 0.707910 0.466860 0.738724 0.469061 0.1481
0 0.708854 0.509375 0.696875 0.503385 0.700521 0.496094 0.712500 0.502083 0.1231
0 0.726721 0.489828 0.725595 0.469563 0.740270 0.468748 0.741396 0.489012 0.0625
0 0.686223 0.730007 0.677929 0.715263 0.686368 0.710516 0.694661 0.725260 0.2350
0 0.713522 0.525294 0.701553 0.496753 0.712109 0.492326 0.724078 0.520867 0.1171
0 0.388021 0.670573 0.378255 0.670573 0.378255 0.654297 0.388021 0.654297 0.1511
0 0.806537 0.524818 0.801458 0.518047 0.814792 0.508047 0.819870 0.514818 0.1899
0 0.389323 0.671875 0.375651 0.671875 0.375651 0.654297 0.389323 0.654297 0.1402
0 0.375595 0.672026 0.373888 0.656663 0.382463 0.655710 0.384170 0.671073 0.0610
0 0.746327 0.556325 0.726286 0.539994 0.759891 0.498752 0.779932 0.515082 0.1871
0 0.790420 0.521509 0.790005 0.511544 0.813699 0.510557 0.814115 0.520522 0.0980
0 0.929037 0.682943 0.918880 0.662630 0.933464 0.655339 0.943620 0.675651 0.2881
0 0.726344 0.688403 0.717816 0.688062 0.719800 0.638453 0.728328 0.638795 0.2073
0 0.697722 0.730093 0.688782 0.726120 0.693749 0.714944 0.702689 0.718918 0.1095
0 0.784671 0.541218 0.780256 0.518513 0.814864 0.511784 0.819279 0.534489 0.4038
0 0.765907 0.729495 0.697093 0.669282 0.726372 0.635820 0.795187 0.696033 0.1737
0 0.276042 0.970052 0.260417 0.970052 0.260417 0.957031 0.276042 0.957031 0.0729
0 0.798814 0.512748 0.793275 0.507762 0.805349 0.494346 0.810889 0.499331 0.0959
0 0.741531 0.591314 0.733475 0.591054 0.734299 0.565522 0.742355 0.565782 0.1985
0 0.747198 0.717874 0.734784 0.688390 0.743778 0.684603 0.756192 0.714087 0.2392
0 0.806318 0.530368 0.796412 0.524236 0.807664 0.506059 0.817571 0.512192 0.2622
0 0.736321 0.682043 0.720111 0.671912 0.737557 0.643997 0.753767 0.654129 0.0553
0 0.769962 0.696154 0.748282 0.679292 0.757187 0.667844 0.778866 0.684705 0.2139
0 0.737331 0.683472 0.723960 0.679193 0.734899 0.645011 0.748269 0.649290 0.0993
0 0.927631 0.950774 0.923517 0.946073 0.932735 0.938007 0.936849 0.942708 0.1203
0 0.772632 0.721080 0.753073 0.693373 0.760077 0.688429 0.779635 0.716137 0.1042
0 0.713867 0.507487 0.703125 0.496745 0.719401 0.480469 0.730143 0.491211 0.1007
0 0.389974 0.673177 0.382161 0.673177 0.382161 0.656901 0.389974 0.656901 0.1069
0 0.723888 0.678295 0.715235 0.677214 0.720293 0.636749 0.728946 0.637831 0.1027
0 0.797483 0.515806 0.791656 0.510950 0.804784 0.495197 0.810611 0.500053 0.2230
0 0.770964 0.719661 0.756510 0.690755 0.765625 0.686198 0.780078 0.715104 0.1916
0 0.706250 0.510677 0.692969 0.504037 0.699479 0.491016 0.712760 0.497656 0.0999
0 0.695673 0.731059 0.677377 0.720386 0.683138 0.710509 0.701435 0.721182 0.6289
0 0.763958 0.535354 0.758674 0.530572 0.773989 0.513644 0.779274 0.518426 0.0542
0 0.379663 0.668594 0.372484 0.666937 0.375633 0.653291 0.382812 0.654948 0.1295
0 0.736458 0.679427 0.721875 0.672136 0.735807 0.644271 0.750391 0.651563 0.0776
0 0.741536 0.591797 0.729818 0.591797 0.729818 0.573568 0.741536 0.573568 0.1398
0 0.741687 0.543720 0.731921 0.537210 0.759866 0.495292 0.769631 0.501803 0.5889
0 0.746097 0.718599 0.734315 0.680307 0.750647 0.675282 0.762430 0.713573 0.3296
0 0.730449 0.586192 0.719774 0.567214 0.728336 0.562398 0.739012 0.581376 0.0538
0 0.746555 0.715623 0.732983 0.678300 0.748821 0.672540 0.762393 0.709863 0.0678
0 0.752130 0.595343 0.721310 0.585887 0.748562 0.497066 0.779382 0.506522 0.2643
0 0.787954 0.536751 0.785387 0.515577 0.814979 0.511990 0.817546 0.533164 0.2594
0 0.742904 0.577930 0.734115 0.575000 0.739388 0.559180 0.748177 0.562109 0.2203
0 0.757584 0.577598 0.749224 0.562272 0.757663 0.557669 0.766023 0.572995 0.0527
0 0.760311 0.537794 0.754247 0.529525 0.774314 0.514808 0.780379 0.523078 0.0726
0 0.784601 0.540854 0.780100 0.517787 0.816093 0.510764 0.820594 0.533831 0.3246
0 0.710026 0.509636 0.695182 0.502214 0.701042 0.490495 0.715886 0.497917 0.1123
0 0.738281 0.477865 0.703125 0.477865 0.703125 0.468750 0.738281 0.468750 0.3197
0 0.935677 0.681380 0.916667 0.671875 0.925911 0.653385 0.944922 0.662891 0.1202
0 0.702474 0.509766 0.693359 0.500651 0.703125 0.490885 0.712240 0.500000 0.1100
0 0.769311 0.696555 0.735951 0.666706 0.746354 0.655078 0.779715 0.684927 0.1104
0 0.771685 0.721004 0.752254 0.691857 0.759766 0.686849 0.779197 0.715995 0.0989
0 0.399089 0.709635 0.392578 0.709635 0.392578 0.698568 0.399089 0.698568 0.1364
0 0.723958 0.477214 0.702474 0.477214 0.702474 0.468099 0.723958 0.468099 0.0880
