0 0.276693 0.423177 0.260417 0.423177 0.260417 0.382812 0.276693 0.382812 0.1301
0 0.169103 0.363829 0.155855 0.358198 0.171007 0.322548 0.184255 0.328178 0.0576
0 0.640365 0.652865 0.629297 0.619662 0.667969 0.606771 0.679037 0.639974 0.1506
0 0.720913 0.755748 0.712484 0.724979 0.764357 0.710768 0.772786 0.741536 0.1245
0 0.729205 0.671071 0.678041 0.658280 0.684666 0.631779 0.735830 0.644570 0.1196
0 0.780216 0.669112 0.778084 0.639270 0.827775 0.635721 0.829906 0.665563 0.0990
0 0.019661 0.421615 0.000000 0.411458 0.013672 0.382812 0.033984 0.392969 0.1838
0 0.079003 0.493771 0.037261 0.474797 0.055343 0.435016 0.097085 0.453990 0.1141
0 0.722547 0.704215 0.632599 0.703359 0.632895 0.672353 0.722842 0.673210 0.2629
0 0.713256 0.640942 0.711065 0.609720 0.817073 0.602281 0.819264 0.633503 0.1604
0 0.824219 0.782552 0.718750 0.782552 0.718750 0.759766 0.824219 0.759766 0.2549
0 0.834956 0.720703 0.729090 0.714739 0.730387 0.691723 0.836253 0.697687 0.1464
0 0.636171 0.607113 0.635888 0.575913 0.820248 0.574237 0.820531 0.605437 0.6846
0 0.049015 0.456014 0.047375 0.442075 0.071210 0.439271 0.072850 0.453209 0.0745
0 0.824647 0.550877 0.796054 0.549289 0.796454 0.542077 0.825048 0.543666 0.0604
0 0.703125 0.576172 0.632161 0.576172 0.632161 0.544922 0.703125 0.544922 0.3555
0 0.824185 0.699483 0.733814 0.696136 0.734956 0.665314 0.825326 0.668661 0.7919
0 0.634635 0.547266 0.630894 0.515731 0.702570 0.507227 0.706311 0.538762 0.3907
0 0.019531 0.341797 0.000000 0.341797 0.000000 0.312500 0.019531 0.312500 0.1549
0 0.635867 0.609208 0.634796 0.577082 0.714698 0.574419 0.715769 0.606545 0.1741
0 0.999349 0.552083 0.930990 0.552083 0.930990 0.474609 0.999349 0.474609 0.1613
0 0.711093 0.542276 0.710533 0.509533 0.826562 0.507550 0.827122 0.540293 0.7782
0 0.259766 0.422526 0.242839 0.422526 0.242839 0.371745 0.259766 0.371745 0.2229
0 0.835369 0.720439 0.729026 0.715160 0.730156 0.692402 0.836499 0.697681 0.7914
0 0.999349 0.552083 0.932943 0.552083 0.932943 0.507812 0.999349 0.507812 0.0715
0 0.703237 0.544654 0.701005 0.511166 0.789068 0.505295 0.791301 0.538783 0.1253
0 0.636142 0.609188 0.634560 0.578353 0.719157 0.574014 0.720738 0.604849 0.7323
0 0.681851 0.672259 0.635221 0.670465 0.636333 0.641537 0.682964 0.643330 0.3692
0 0.718903 0.781085 0.718628 0.757946 0.824120 0.756690 0.824396 0.779830 0.3105
0 0.040365 0.382812 0.016947 0.376508 0.022434 0.356125 0.045852 0.362430 0.2069
0 0.632279 0.575401 0.631978 0.544047 0.826027 0.542181 0.826328 0.573535 0.8172
0 0.786816 0.767904 0.718693 0.760418 0.721748 0.732615 0.789871 0.740101 0.1609
0 0.823939 0.700900 0.745726 0.694884 0.748162 0.663220 0.826375 0.669236 0.3119
0 0.679208 0.672142 0.635736 0.670403 0.636888 0.641595 0.680360 0.643334 0.2438
0 0.277344 0.424479 0.259115 0.424479 0.259115 0.380208 0.277344 0.380208 0.1319
0 0.264032 0.425253 0.261083 0.386918 0.275620 0.385800 0.278569 0.424134 0.2479
0 0.751302 0.825521 0.695312 0.825521 0.695312 0.779297 0.751302 0.779297 0.0974
0 0.716638 0.607350 0.715437 0.577346 0.820582 0.573140 0.821782 0.603144 0.1971
0 0.023438 0.454427 0.000000 0.454427 0.000000 0.416016 0.023438 0.416016 0.7340
0 0.822917 0.647135 0.819010 0.643229 0.822917 0.639323 0.826823 0.643229 0.0551
0 0.170306 0.364156 0.154118 0.357118 0.185687 0.284509 0.201875 0.291548 0.1541
0 0.792062 0.757388 0.717478 0.731183 0.730471 0.694205 0.805054 0.720410 0.1204
0 0.728516 0.671224 0.636719 0.671224 0.636719 0.641276 0.728516 0.641276 0.8152
0 0.708500 0.544173 0.706317 0.511419 0.773250 0.506957 0.775434 0.539711 0.0901
0 0.828776 0.776042 0.719401 0.776042 0.719401 0.746094 0.828776 0.746094 0.2538
0 0.827495 0.762977 0.759479 0.754880 0.762207 0.731969 0.830222 0.740066 0.1783
0 0.169348 0.362639 0.154732 0.355940 0.186769 0.286042 0.201385 0.292741 0.0518
0 0.831684 0.740035 0.725674 0.735905 0.726454 0.715888 0.832464 0.720018 0.2857
0 0.635492 0.642495 0.633941 0.610701 0.725663 0.606227 0.727213 0.638021 0.2105
0 0.634234 0.544692 0.630828 0.514037 0.678560 0.508733 0.681966 0.539388 0.7016
0 0.831494 0.740113 0.725004 0.736264 0.725725 0.716304 0.832216 0.720153 0.2760
0 0.634206 0.547513 0.629713 0.516068 0.683945 0.508320 0.688437 0.539766 0.1436
0 0.020182 0.341797 0.000000 0.341797 0.000000 0.311198 0.020182 0.311198 0.0736
0 0.808594 0.665365 0.735677 0.665365 0.735677 0.638021 0.808594 0.638021 0.2297
0 0.634086 0.645010 0.631760 0.613215 0.677627 0.609859 0.679953 0.641654 0.4321
0 0.822917 0.561198 0.767447 0.541969 0.779536 0.507097 0.835006 0.526326 0.0600
0 0.060026 0.483984 0.039128 0.477018 0.045703 0.457292 0.066602 0.464258 0.1337
0 0.823568 0.781901 0.720052 0.781901 0.720052 0.760417 0.823568 0.760417 0.7586
0 0.730469 0.670573 0.679688 0.670573 0.679688 0.640625 0.730469 0.640625 0.3013
0 0.277344 0.425781 0.261719 0.425781 0.261719 0.380859 0.277344 0.380859 0.1458
0 0.727865 0.671224 0.637370 0.671224 0.637370 0.641927 0.727865 0.641927 0.2632
0 0.015381 0.456983 0.000000 0.446431 0.014873 0.354934 0.046201 0.365487 0.1929
0 0.020182 0.342448 0.000000 0.342448 0.000000 0.311849 0.020182 0.311849 0.1066
0 0.823905 0.699258 0.776949 0.697380 0.778214 0.665738 0.825170 0.667616 0.3092
0 0.678283 0.701709 0.631228 0.699095 0.632821 0.670429 0.679876 0.673043 0.2853
0 0.634871 0.542585 0.634591 0.510732 0.825440 0.509058 0.825720 0.540911 0.1709
0 0.833984 0.738281 0.809245 0.738281 0.809245 0.720052 0.833984 0.720052 0.1624
0 0.712428 0.541818 0.711829 0.510369 0.825894 0.508196 0.826493 0.539645 0.1981
0 0.833164 0.728658 0.727762 0.722678 0.729450 0.692932 0.834851 0.698912 0.2254
0 0.726562 0.703125 0.679036 0.703125 0.679036 0.671224 0.726562 0.671224 0.2430
0 0.826823 0.666016 0.740234 0.666016 0.740234 0.636719 0.826823 0.636719 0.2591
0 0.020182 0.341797 0.000000 0.341797 0.000000 0.311849 0.020182 0.311849 0.1045
0 0.633296 0.575537 0.631683 0.542888 0.712769 0.538884 0.714382 0.571533 0.0626
0 0.261719 0.422526 0.241536 0.422526 0.241536 0.371745 0.261719 0.371745 0.1264
0 0.422526 0.551432 0.393229 0.551432 0.393229 0.518229 0.422526 0.518229 0.0757
0 0.829094 0.733585 0.792951 0.722171 0.796700 0.710299 0.832843 0.721713 0.0720
0 0.823821 0.782361 0.761757 0.775995 0.763854 0.755544 0.825919 0.761910 0.2793
0 0.810219 0.771173 0.719687 0.756250 0.725276 0.722344 0.815808 0.737267 0.1700
0 0.295087 0.557501 0.293350 0.521032 0.420511 0.514977 0.422248 0.551446 0.1518
0 0.635041 0.547601 0.629257 0.518680 0.668319 0.510867 0.674104 0.539789 0.2286
0 0.720396 0.605597 0.683996 0.585743 0.698626 0.558921 0.735026 0.578776 0.1147
0 0.261719 0.423177 0.242188 0.423177 0.242188 0.371094 0.261719 0.371094 0.1165
0 0.643289 0.655442 0.627928 0.621306 0.663092 0.605482 0.678453 0.639618 0.1562
0 0.019652 0.422264 0.000000 0.409711 0.017881 0.367542 0.041791 0.380095 0.1677
0 0.828125 0.666016 0.755208 0.666016 0.755208 0.636068 0.828125 0.636068 0.2134
0 0.019531 0.341797 0.000000 0.341797 0.000000 0.311849 0.019531 0.311849 0.2723
0 0.637288 0.604448 0.635734 0.578796 0.712609 0.574137 0.714164 0.599789 0.0777
0 0.999349 0.552083 0.931641 0.552083 0.931641 0.507161 0.999349 0.507161 0.1643
0 0.634268 0.545121 0.632346 0.511982 0.710576 0.507447 0.712498 0.540586 0.2878
0 0.298416 0.557288 0.293544 0.526431 0.317281 0.522683 0.322153 0.553540 0.1154
0 0.848307 0.826823 0.696615 0.826823 0.696615 0.781250 0.848307 0.781250 0.9196
0 0.261068 0.423177 0.239583 0.423177 0.239583 0.370443 0.261068 0.370443 0.1065
0 0.780681 0.784180 0.717940 0.780645 0.719138 0.759384 0.781879 0.762919 0.2857
0 0.636347 0.609660 0.634342 0.579585 0.682652 0.576365 0.684657 0.606440 0.2160
0 0.712551 0.640581 0.710424 0.609747 0.818678 0.602281 0.820805 0.633115 0.5455
0 0.022135 0.451172 0.000000 0.451172 0.000000 0.416667 0.022135 0.416667 0.0631
0 0.633653 0.543731 0.633193 0.510262 0.826044 0.507608 0.826504 0.541077 0.6223
0 0.023437 0.453776 0.000000 0.453776 0.000000 0.416016 0.023437 0.416016 0.1301
0 0.714844 0.541016 0.669922 0.541016 0.669922 0.511719 0.714844 0.511719 0.1759
0 0.776892 0.669412 0.775097 0.638881 0.827687 0.635787 0.829483 0.666319 0.1868
0 0.824870 0.698568 0.776693 0.698568 0.776693 0.666667 0.824870 0.666667 0.2464
0 0.724609 0.541016 0.683594 0.541016 0.683594 0.512370 0.724609 0.512370 0.0957
0 0.758171 0.258824 0.741978 0.258341 0.744294 0.180722 0.760488 0.181206 0.0660
0 0.711914 0.575625 0.710905 0.545030 0.825900 0.541239 0.826909 0.571834 0.3447
0 0.845104 0.827606 0.696416 0.823357 0.697602 0.781855 0.846290 0.786103 0.1515
0 0.723155 0.640032 0.720547 0.609781 0.817762 0.601401 0.820370 0.631651 0.1471
0 0.420921 0.552110 0.395879 0.550184 0.398399 0.517425 0.423441 0.519351 0.0986
0 0.677412 0.701885 0.631058 0.698927 0.632871 0.670521 0.679225 0.673480 0.2447
0 0.828776 0.759766 0.789714 0.759766 0.789714 0.740885 0.828776 0.740885 0.2293
0 0.040335 0.382948 0.017523 0.377988 0.022182 0.356555 0.044995 0.361514 0.1828
0 0.710261 0.543094 0.708724 0.510801 0.771144 0.507829 0.772682 0.540122 0.1477
0 0.260417 0.423828 0.239583 0.423828 0.239583 0.371094 0.260417 0.371094 0.1136
0 0.633845 0.545687 0.631744 0.513657 0.708185 0.508644 0.710285 0.540674 0.3175
0 0.680339 0.673828 0.636068 0.673828 0.636068 0.641276 0.680339 0.641276 0.0794
0 0.637161 0.550376 0.628906 0.521484 0.668976 0.510036 0.677231 0.538927 0.1926
0 0.725345 0.704780 0.631749 0.702908 0.632401 0.670330 0.725996 0.672202 0.0642
0 0.020182 0.341797 0.000000 0.341797 0.000000 0.311849 0.020182 0.311849 0.0987
0 0.077248 0.493635 0.037220 0.476123 0.054912 0.435686 0.094939 0.453198 0.6879
0 0.274089 0.421875 0.243490 0.421875 0.243490 0.371745 0.274089 0.371745 0.1116
0 0.715311 0.574825 0.714077 0.543989 0.826398 0.539496 0.827631 0.570332 0.0810
0 0.009470 0.412384 0.000000 0.403796 0.014784 0.368996 0.029617 0.377584 0.1830
0 0.999349 0.552083 0.930339 0.552083 0.930339 0.505859 0.999349 0.505859 0.0820
0 0.833333 0.738281 0.809245 0.738281 0.809245 0.719401 0.833333 0.719401 0.1890
0 0.715495 0.607422 0.635417 0.607422 0.635417 0.576172 0.715495 0.576172 0.1071
0 0.699402 0.541661 0.698441 0.510909 0.753136 0.509200 0.754097 0.539952 0.0701
0 0.826823 0.667318 0.738281 0.667318 0.738281 0.636719 0.826823 0.636719 0.8082
0 0.807889 0.731507 0.726728 0.712221 0.732620 0.687425 0.813782 0.706711 0.0757
0 0.244960 0.422181 0.242983 0.372755 0.273637 0.371528 0.275614 0.420955 0.1087
0 0.632887 0.575033 0.632669 0.543958 0.824139 0.542619 0.824356 0.573694 0.2482
0 0.020182 0.341797 0.000000 0.341797 0.000000 0.311198 0.020182 0.311198 0.0726
0 0.020182 0.341797 0.000000 0.341797 0.000000 0.311849 0.020182 0.311849 0.1101
0 0.717228 0.607542 0.716216 0.578212 0.817053 0.574735 0.818064 0.604065 0.1340
0 0.735774 0.647368 0.732194 0.638830 0.753716 0.629805 0.757296 0.638342 0.0541
0 0.828125 0.538411 0.772135 0.538411 0.772135 0.506510 0.828125 0.506510 0.0551
0 0.999349 0.552083 0.930990 0.552083 0.930990 0.504557 0.999349 0.504557 0.7933
0 0.834122 0.724111 0.728129 0.718629 0.729490 0.692321 0.835483 0.697803 0.2145
0 0.827994 0.763562 0.722440 0.758007 0.723840 0.731422 0.829393 0.736977 0.2893
0 0.709389 0.640700 0.707277 0.610591 0.816979 0.602893 0.819092 0.633001 0.2624
0 0.718896 0.782975 0.718645 0.759823 0.824787 0.758670 0.825039 0.781821 0.2444
0 0.827289 0.760616 0.723758 0.759010 0.724112 0.736169 0.827643 0.737774 0.7637
0 0.749349 0.543620 0.688802 0.543620 0.688802 0.511719 0.749349 0.511719 0.1485
0 0.204035 0.545064 0.080386 0.487103 0.107924 0.428356 0.231573 0.486317 0.1923
0 0.635555 0.541987 0.635189 0.510165 0.823278 0.508003 0.823644 0.539825 0.1251
0 0.635903 0.608683 0.634821 0.578379 0.713427 0.575571 0.714509 0.605876 0.2365
0 0.035565 0.391565 0.014529 0.376716 0.029721 0.355194 0.050757 0.370043 0.1664
0 0.776097 0.697273 0.732929 0.691642 0.736581 0.663643 0.779749 0.669273 0.2482
0 0.695312 0.643229 0.632812 0.643229 0.632812 0.610677 0.695312 0.610677 0.1157
0 0.979492 0.486654 0.955404 0.462565 0.979492 0.438477 1.000000 0.462565 0.1859
0 0.277344 0.425781 0.261068 0.425781 0.261068 0.379557 0.277344 0.379557 0.1315
0 0.723763 0.704611 0.631846 0.703012 0.632403 0.671002 0.724319 0.672600 0.8392
0 0.708242 0.540570 0.696636 0.518041 0.750113 0.490492 0.761719 0.513021 0.0949
0 0.636744 0.645818 0.633871 0.610617 0.715095 0.603987 0.717968 0.639187 0.0526
0 0.015325 0.422326 0.000000 0.406400 0.026192 0.354267 0.050080 0.370192 0.5553
0 0.827209 0.775431 0.722602 0.772092 0.723834 0.733491 0.828441 0.736830 0.2399
0 0.635718 0.641381 0.634989 0.609647 0.818149 0.605436 0.818879 0.637171 0.7473
0 0.632495 0.577862 0.630439 0.545792 0.707621 0.540844 0.709677 0.572914 0.2817
0 0.733724 0.738281 0.725758 0.736290 0.730431 0.717601 0.738396 0.719593 0.0909
0 0.828776 0.538411 0.792969 0.538411 0.792969 0.506510 0.828776 0.506510 0.1300
0 0.632813 0.577619 0.630852 0.545839 0.707023 0.541137 0.708984 0.572917 0.2379
0 0.806005 0.756037 0.720188 0.731230 0.730713 0.694818 0.816530 0.719625 0.1556
0 0.634786 0.547035 0.630759 0.514824 0.702714 0.505829 0.706741 0.538041 0.2404
0 0.773494 0.679622 0.736215 0.670492 0.738490 0.661204 0.775768 0.670333 0.1004
0 0.711884 0.575842 0.710770 0.545200 0.823051 0.541117 0.824165 0.571759 0.1358
0 0.822917 0.601562 0.785807 0.601562 0.785807 0.572917 0.822917 0.572917 0.1060
0 0.714038 0.607454 0.712841 0.577528 0.820533 0.573220 0.821730 0.603146 0.7804
0 0.785807 0.760417 0.722005 0.760417 0.722005 0.738281 0.785807 0.738281 0.2867
0 0.835654 0.719899 0.729183 0.714614 0.730287 0.692376 0.836758 0.697662 0.1873
0 0.733729 0.576988 0.731737 0.545699 0.826076 0.539696 0.828067 0.570985 0.1896
0 0.822717 0.706425 0.736341 0.697788 0.739828 0.662915 0.826204 0.671553 0.0716
0 0.294687 0.561204 0.291453 0.523206 0.420051 0.512262 0.423285 0.550259 0.9235
0 0.681950 0.525252 0.648570 0.515434 0.653557 0.498480 0.686936 0.508298 0.1004
0 0.701952 0.545424 0.699579 0.512205 0.773143 0.506950 0.775516 0.540170 0.1277
0 0.731921 0.732973 0.727414 0.732071 0.730243 0.717924 0.734751 0.718825 0.0654
0 0.776844 0.668916 0.775010 0.638961 0.827627 0.635740 0.829461 0.665695 0.1692
0 0.259766 0.423828 0.237630 0.423828 0.237630 0.370443 0.259766 0.370443 0.0849
0 0.822816 0.699706 0.733263 0.693530 0.735283 0.664237 0.824836 0.670413 0.3078
0 0.832416 0.739765 0.726947 0.736520 0.727567 0.716387 0.833036 0.719632 0.7792
0 0.258800 0.423579 0.257642 0.379596 0.275842 0.379117 0.276999 0.423101 0.1261
0 0.633640 0.534972 0.629550 0.516567 0.677734 0.505859 0.681824 0.524265 0.1832
