0 0.297797 0.608768 0.290494 0.606486 0.295742 0.589693 0.303045 0.591975 0.0708
0 0.298342 0.608063 0.292445 0.606958 0.295320 0.591627 0.301216 0.592733 0.0859
0 0.861328 0.078125 0.841146 0.078125 0.841146 0.000000 0.861328 0.000000 0.6758
0 0.518482 0.479797 0.502296 0.477929 0.508087 0.427741 0.524273 0.429609 0.0999
0 0.515756 0.485845 0.494155 0.462516 0.511318 0.446624 0.532919 0.469954 0.0617
0 0.551107 0.498372 0.531173 0.465150 0.550226 0.453719 0.570159 0.486941 0.3634
0 0.193359 0.313151 0.184896 0.313151 0.184896 0.287760 0.193359 0.287760 0.1036
0 0.190565 0.314050 0.181750 0.313462 0.183741 0.283604 0.192556 0.284191 0.0565
0 0.464844 0.248698 0.432943 0.248698 0.432943 0.218750 0.464844 0.218750 0.1009
0 0.700521 0.376302 0.667318 0.376302 0.667318 0.352865 0.700521 0.352865 0.0595
0 0.532590 0.291514 0.497817 0.282820 0.509038 0.237937 0.543811 0.246630 0.1202
0 0.532782 0.292050 0.497090 0.283127 0.508540 0.237324 0.544233 0.246247 0.0865
0 0.288236 0.254951 0.280468 0.249032 0.306174 0.215294 0.313941 0.221212 0.2743
0 0.188234 0.309390 0.180461 0.308835 0.182596 0.278947 0.190369 0.279502 0.1063
0 0.847274 0.032118 0.842290 0.000963 0.854579 0.000000 0.859564 0.030152 0.4239
0 0.786559 0.055292 0.757671 0.037637 0.783661 0.000000 0.812550 0.012762 0.1575
0 0.209160 0.220478 0.199394 0.218525 0.206355 0.183719 0.216121 0.185672 0.1660
0 0.762423 0.444345 0.735281 0.406347 0.754126 0.392886 0.781268 0.430884 0.8565
0 0.846914 0.038424 0.841602 0.001237 0.855182 0.000000 0.860495 0.036484 0.0703
0 0.220411 0.402546 0.203234 0.381689 0.220052 0.367839 0.237229 0.388696 0.1046
0 0.852865 0.423828 0.832031 0.423828 0.832031 0.399089 0.852865 0.399089 0.1917
0 0.860677 0.078125 0.841146 0.078125 0.841146 0.039714 0.860677 0.039714 0.0840
0 0.567708 0.497396 0.546875 0.497396 0.546875 0.458984 0.567708 0.458984 0.1471
0 0.849436 0.415659 0.842557 0.396399 0.854971 0.391965 0.861850 0.411226 0.1536
0 0.218728 0.400040 0.213537 0.354614 0.227730 0.352991 0.232922 0.398418 0.2444
0 0.224833 0.401961 0.211528 0.399402 0.217806 0.366756 0.231111 0.369314 0.0836
0 0.290845 0.251893 0.283003 0.245793 0.307262 0.214603 0.315104 0.220703 0.0629
0 0.769206 0.409180 0.759153 0.392425 0.779642 0.380132 0.789694 0.396886 0.1223
0 0.188350 0.309518 0.180745 0.309011 0.182142 0.288054 0.189747 0.288561 0.3784
0 0.222656 0.371745 0.214193 0.371745 0.214193 0.352865 0.222656 0.352865 0.0738
0 0.222005 0.393229 0.208333 0.393229 0.208333 0.354167 0.222005 0.354167 0.1260
0 0.204427 0.325521 0.190104 0.325521 0.190104 0.279948 0.204427 0.279948 0.2291
0 0.516923 0.480937 0.503266 0.479298 0.509359 0.428519 0.523017 0.430158 0.3434
0 0.699219 0.376302 0.677083 0.376302 0.677083 0.353516 0.699219 0.353516 0.1477
0 0.858073 0.419271 0.845052 0.419271 0.845052 0.396484 0.858073 0.396484 0.0521
0 0.192538 0.323473 0.188860 0.279346 0.208957 0.277672 0.212635 0.321799 0.0767
0 0.651085 0.392678 0.616061 0.384224 0.632319 0.316871 0.667343 0.325325 0.1659
0 0.224289 0.202434 0.217638 0.201603 0.220212 0.181010 0.226863 0.181841 0.1692
0 0.847570 0.038247 0.840407 0.001410 0.854208 0.000000 0.861371 0.035564 0.1630
0 0.380285 0.282897 0.373369 0.276968 0.382652 0.266138 0.389568 0.272066 0.0976
0 0.197676 0.210256 0.184776 0.208644 0.190875 0.159846 0.203776 0.161458 0.0659
0 0.211839 0.314503 0.204077 0.312951 0.207983 0.293419 0.215745 0.294972 0.1517
0 0.213020 0.225015 0.205926 0.222013 0.217419 0.194849 0.224512 0.197851 0.1321
0 0.205078 0.324219 0.186849 0.324219 0.186849 0.281250 0.205078 0.281250 0.0855
0 0.214193 0.313802 0.206380 0.313802 0.206380 0.293620 0.214193 0.293620 0.1560
0 0.210013 0.220664 0.200625 0.219323 0.205612 0.184414 0.215000 0.185755 0.5426
0 0.220913 0.382704 0.209926 0.356805 0.219858 0.352592 0.230845 0.378490 0.2181
0 0.194133 0.209587 0.186032 0.208851 0.188599 0.180616 0.196700 0.181352 0.1439
0 0.856771 0.424479 0.831380 0.424479 0.831380 0.394531 0.856771 0.394531 0.6229
0 0.230466 0.429726 0.224131 0.429353 0.225088 0.413095 0.231423 0.413468 0.0517
0 0.596289 0.351758 0.586914 0.348633 0.599544 0.310742 0.608919 0.313867 0.1491
0 0.844910 0.031785 0.842190 0.004583 0.854760 0.003326 0.857480 0.030528 0.0661
0 0.828776 0.414063 0.824965 0.411014 0.832269 0.401883 0.836080 0.404932 0.0504
0 0.514131 0.480614 0.488566 0.459965 0.514759 0.427536 0.540324 0.448184 0.3512
0 0.856120 0.419271 0.832682 0.419271 0.832682 0.394531 0.856120 0.394531 0.1324
0 0.783298 0.264713 0.753032 0.253707 0.770063 0.206870 0.800330 0.217876 0.1069
0 0.213542 0.315104 0.203776 0.315104 0.203776 0.292318 0.213542 0.292318 0.1532
0 0.547845 0.504409 0.489737 0.463062 0.514026 0.428926 0.572134 0.470272 0.3007
0 0.848958 0.423828 0.832031 0.423828 0.832031 0.402995 0.848958 0.402995 0.0826
0 0.551928 0.497816 0.531879 0.480850 0.550869 0.458407 0.570919 0.475373 0.1225
0 0.199394 0.312725 0.191807 0.274790 0.203451 0.272461 0.211038 0.310397 0.1539
0 0.215175 0.223123 0.204685 0.220126 0.213898 0.187881 0.224388 0.190878 0.1551
0 0.225307 0.502021 0.202161 0.497813 0.217578 0.413021 0.240724 0.417229 0.8971
0 0.501719 0.349170 0.484760 0.317373 0.493918 0.312489 0.510876 0.344286 0.3688
0 0.197266 0.318359 0.186198 0.318359 0.186198 0.283203 0.197266 0.283203 0.1003
0 0.213542 0.314453 0.205078 0.314453 0.205078 0.292969 0.213542 0.292969 0.2400
0 0.195894 0.209747 0.186091 0.208856 0.190600 0.159254 0.200403 0.160146 0.7867
0 0.201365 0.320641 0.195589 0.278283 0.211451 0.276120 0.217227 0.318478 0.0515
0 0.229158 0.384355 0.221533 0.367580 0.226781 0.365194 0.234406 0.381970 0.0982
0 0.892180 0.089249 0.864811 0.084447 0.874579 0.028766 0.901949 0.033568 0.0511
0 0.296764 0.222307 0.288538 0.220544 0.294912 0.190800 0.303138 0.192562 0.3696
0 0.190286 0.324913 0.185883 0.276485 0.202789 0.274948 0.207191 0.323376 0.1687
0 0.204646 0.325264 0.190884 0.324639 0.192435 0.290530 0.206196 0.291155 0.1402
0 0.785807 0.551432 0.767578 0.551432 0.767578 0.544271 0.785807 0.544271 0.3677
0 0.524740 0.564453 0.507161 0.564453 0.507161 0.556641 0.524740 0.556641 0.0836
0 0.477305 0.316841 0.465994 0.297452 0.486193 0.285669 0.497504 0.305059 0.0651
0 0.766432 0.406693 0.763268 0.384544 0.790065 0.380716 0.793229 0.402865 0.5558
0 0.194010 0.312500 0.184896 0.312500 0.184896 0.285807 0.194010 0.285807 0.1248
0 0.306100 0.225850 0.288301 0.220765 0.296138 0.193335 0.313937 0.198420 0.0953
0 0.297565 0.222826 0.288192 0.221152 0.293636 0.190665 0.303010 0.192339 0.1439
0 0.229407 0.401743 0.210875 0.400353 0.214416 0.353142 0.232948 0.354532 0.6253
0 0.650943 0.393451 0.610155 0.380666 0.630524 0.315679 0.671312 0.328464 0.0601
0 0.210938 0.325521 0.189453 0.325521 0.189453 0.275391 0.210938 0.275391 0.1551
0 0.228768 0.499848 0.211959 0.497771 0.221319 0.422039 0.238129 0.424116 0.0538
0 0.850260 0.423828 0.831380 0.423828 0.831380 0.400391 0.850260 0.400391 0.1009
0 0.302083 0.229818 0.291667 0.219401 0.305339 0.205729 0.315755 0.216146 0.0783
0 0.217847 0.220564 0.209866 0.218024 0.221794 0.180538 0.229775 0.183077 0.2153
0 0.213871 0.224536 0.206541 0.221717 0.218522 0.190567 0.225851 0.193386 0.1745
0 0.491843 0.433670 0.486022 0.432215 0.486788 0.429151 0.492609 0.430607 0.0800
0 0.189564 0.314104 0.180918 0.313143 0.183927 0.286061 0.192573 0.287022 0.1457
0 0.297389 0.607990 0.291087 0.606020 0.295779 0.591007 0.302081 0.592976 0.0726
0 0.846423 0.040110 0.842660 0.000600 0.857745 0.000000 0.861508 0.038673 0.1962
0 0.196927 0.209539 0.185821 0.208886 0.188625 0.161218 0.199731 0.161871 0.0572
0 0.861979 0.064453 0.843750 0.064453 0.843750 0.031901 0.861979 0.031901 0.0741
0 0.540365 0.476562 0.511719 0.476562 0.511719 0.446615 0.540365 0.446615 0.1034
0 0.767655 0.407207 0.762370 0.386068 0.790556 0.379021 0.795841 0.400161 0.1131
0 0.699870 0.377604 0.664714 0.377604 0.664714 0.353516 0.699870 0.353516 0.0679
0 0.791016 0.551432 0.773438 0.551432 0.773438 0.544922 0.791016 0.544922 0.0517
0 0.532247 0.291655 0.497797 0.282589 0.509553 0.237917 0.544003 0.246983 0.1083
0 0.551540 0.492918 0.515249 0.465933 0.532475 0.442768 0.568765 0.469753 0.0560
0 0.215750 0.221164 0.207864 0.218097 0.222464 0.180553 0.230350 0.183620 0.5230
0 0.861328 0.078125 0.842448 0.078125 0.842448 0.046875 0.861328 0.046875 0.1304
0 0.774088 0.424479 0.759874 0.404797 0.778106 0.391630 0.792320 0.411312 0.0605
0 0.762141 0.443430 0.735528 0.406171 0.753818 0.393106 0.780432 0.430365 0.1804
0 0.785715 0.552627 0.766498 0.551149 0.767218 0.541789 0.786435 0.543267 0.0720
0 0.219092 0.220842 0.209611 0.218053 0.220713 0.180303 0.230195 0.183092 0.0693
0 0.220052 0.400391 0.201823 0.382161 0.215169 0.368815 0.233398 0.387044 0.1499
0 0.299879 0.222418 0.290073 0.221601 0.292592 0.191375 0.302398 0.192192 0.0963
0 0.501016 0.349154 0.484742 0.318641 0.494170 0.313613 0.510444 0.344126 0.1343
0 0.861979 0.076172 0.847005 0.076172 0.847005 0.033854 0.861979 0.033854 0.0880
0 0.288800 0.255139 0.280292 0.249220 0.302864 0.216774 0.311371 0.222692 0.1178
0 0.875417 0.078630 0.865629 0.036217 0.884839 0.031784 0.894626 0.074197 0.0943
0 0.205176 0.188109 0.201113 0.162718 0.211016 0.161133 0.215078 0.186525 0.0609
0 0.531175 0.481495 0.503380 0.475937 0.512595 0.429863 0.540390 0.435422 0.0909
0 0.849740 0.027734 0.844813 0.000635 0.853406 0.000000 0.858333 0.026172 0.0650
0 0.195856 0.209758 0.186018 0.208847 0.190610 0.159251 0.200448 0.160162 0.1705
0 0.651367 0.633138 0.641602 0.623372 0.648112 0.616862 0.657878 0.626628 0.0807
0 0.615964 0.392738 0.612269 0.354559 0.647370 0.351162 0.651065 0.389342 0.0533
0 0.298891 0.244348 0.289768 0.239482 0.305140 0.210658 0.314264 0.215524 0.1491
0 0.769792 0.444792 0.753906 0.436849 0.758464 0.427734 0.774349 0.435677 0.0620
0 0.870443 0.089844 0.851563 0.070964 0.882813 0.039714 0.901693 0.058594 0.1737
0 0.297551 0.223182 0.287785 0.221229 0.293920 0.190555 0.303686 0.192508 0.0827
0 0.480011 0.317849 0.466419 0.298819 0.484525 0.285886 0.498117 0.304916 0.0510
0 0.296802 0.246211 0.288199 0.240834 0.306268 0.211925 0.314870 0.217302 0.1514
0 0.791016 0.405599 0.764323 0.405599 0.764323 0.382161 0.791016 0.382161 0.0577
0 0.551422 0.496755 0.527925 0.472500 0.547131 0.453894 0.570628 0.478149 0.1241
0 0.293444 0.248944 0.285253 0.243094 0.306720 0.213040 0.314911 0.218891 0.1430
0 0.860026 0.038411 0.845052 0.038411 0.845052 0.003906 0.860026 0.003906 0.0622
0 0.842776 0.078803 0.839193 0.035807 0.859451 0.034119 0.863034 0.077115 0.4652
0 0.205078 0.326172 0.190755 0.326172 0.190755 0.275391 0.205078 0.275391 0.7883
0 0.220954 0.218800 0.211063 0.216822 0.218399 0.180138 0.228290 0.182116 0.0502
0 0.343962 0.184623 0.333870 0.173936 0.353541 0.155358 0.363634 0.166044 0.2024
0 0.226130 0.500534 0.203626 0.497072 0.216526 0.413219 0.239030 0.416682 0.1489
0 0.491816 0.329749 0.466189 0.300180 0.482052 0.286432 0.507679 0.316001 0.0641
0 0.220115 0.218608 0.206411 0.216190 0.212336 0.182615 0.226040 0.185033 0.1220
