0 0.883337 0.517419 0.867585 0.497729 0.913396 0.461080 0.929148 0.480770 0.1188
0 0.618054 0.835872 0.595357 0.829063 0.597991 0.820283 0.620688 0.827092 0.1572
0 0.611173 0.894151 0.570059 0.858177 0.579940 0.846884 0.621053 0.882859 0.0518
0 0.162760 0.736328 0.115234 0.736328 0.115234 0.690755 0.162760 0.690755 0.0683
0 0.076281 0.576463 0.054327 0.565047 0.065679 0.543216 0.087633 0.554632 0.0519
0 0.741014 0.831787 0.731846 0.809520 0.755881 0.799624 0.765049 0.821890 0.0519
0 0.587864 0.772357 0.585190 0.757463 0.639109 0.747785 0.641782 0.762680 0.3560
0 0.880857 0.517074 0.866161 0.496726 0.913298 0.462683 0.927993 0.483031 0.0629
0 0.884963 0.516034 0.869056 0.495449 0.913600 0.461028 0.929507 0.481614 0.0600
0 0.758080 0.546442 0.752041 0.526816 0.780360 0.518102 0.786398 0.537729 0.0573
0 0.269470 0.910681 0.265739 0.898090 0.302802 0.887109 0.306532 0.899699 0.0698
0 0.739870 0.829243 0.734042 0.808427 0.757900 0.801746 0.763729 0.822562 0.1896
0 0.745077 0.833979 0.730704 0.815500 0.751257 0.799514 0.765630 0.817994 0.0604
0 0.800881 0.839994 0.796304 0.803375 0.811769 0.801442 0.816346 0.838061 0.0750
0 0.479764 0.767153 0.478950 0.741116 0.510373 0.740134 0.511187 0.766171 0.0923
0 0.747396 0.835938 0.730794 0.819336 0.750000 0.800130 0.766602 0.816732 0.0634
0 0.154230 0.720860 0.126872 0.696543 0.136571 0.685632 0.163928 0.709950 0.1512
0 0.809996 0.820162 0.799479 0.806641 0.806871 0.800891 0.817388 0.814413 0.1043
0 0.844098 0.840598 0.807828 0.817517 0.813538 0.808544 0.849808 0.831625 0.1545
0 0.080729 0.563802 0.062500 0.545573 0.071940 0.536133 0.090169 0.554362 0.1079
0 0.613308 0.896291 0.570555 0.858288 0.580217 0.847418 0.622970 0.885421 0.3272
0 0.648363 0.793344 0.620693 0.787811 0.623072 0.775917 0.650741 0.781450 0.2538
0 0.268359 0.928776 0.259375 0.901823 0.307617 0.885742 0.316602 0.912695 0.3452
0 0.445824 0.761351 0.427788 0.746089 0.441148 0.730300 0.459184 0.745562 0.0648
0 0.408203 0.814453 0.376302 0.814453 0.376302 0.801432 0.408203 0.801432 0.0579
0 0.608073 0.770182 0.587240 0.770182 0.587240 0.757812 0.608073 0.757812 0.0913
0 0.402852 0.820910 0.365538 0.806917 0.375410 0.780590 0.412725 0.794583 0.3111
0 0.740436 0.831560 0.731816 0.810008 0.756174 0.800265 0.764794 0.821817 0.0592
0 0.449036 0.762396 0.428203 0.746771 0.440859 0.729896 0.461693 0.745521 0.3264
0 0.882733 0.518293 0.866664 0.498206 0.913269 0.460922 0.929338 0.481009 0.8676
0 0.368847 0.807818 0.366123 0.790567 0.408949 0.783805 0.411673 0.801056 0.2117
0 0.739044 0.831264 0.727374 0.798197 0.753221 0.789074 0.764892 0.822141 0.0709
0 0.707482 0.919621 0.676808 0.913487 0.683168 0.881686 0.713842 0.887821 0.1900
0 0.741406 0.832422 0.730599 0.810807 0.754557 0.798828 0.765365 0.820443 0.0552
0 0.602674 0.885701 0.570625 0.856857 0.579981 0.846462 0.612030 0.875306 0.1020
0 0.265884 0.925692 0.262814 0.910620 0.312382 0.900523 0.315453 0.915595 0.2255
0 0.587695 0.938086 0.555469 0.927344 0.558919 0.916992 0.591146 0.927734 0.2595
0 0.884766 0.516927 0.869268 0.497555 0.913094 0.462494 0.928592 0.481866 0.0685
0 0.265521 0.924401 0.263581 0.910820 0.288008 0.907331 0.289948 0.920911 0.0859
0 0.626302 0.999349 0.608073 0.999349 0.608073 0.974609 0.626302 0.974609 0.0532
0 0.639154 0.800514 0.610368 0.779725 0.621269 0.764631 0.650055 0.785420 0.0694
0 0.626953 0.999349 0.589193 0.999349 0.589193 0.973958 0.626953 0.973958 0.1287
0 0.920573 0.485026 0.913411 0.485026 0.913411 0.469401 0.920573 0.469401 0.0554
0 0.747396 0.834635 0.731771 0.819010 0.750326 0.800456 0.765951 0.816081 0.0781
0 0.627604 0.999349 0.578125 0.999349 0.578125 0.974609 0.627604 0.974609 0.0563
0 0.602961 0.884520 0.570366 0.857358 0.579171 0.846792 0.611766 0.873954 0.0521
0 0.626302 0.999349 0.608073 0.999349 0.608073 0.974609 0.626302 0.974609 0.0695
0 0.740686 0.829048 0.734177 0.808709 0.757328 0.801301 0.763836 0.821640 0.0642
0 0.588865 0.792591 0.587259 0.752447 0.643133 0.750212 0.644739 0.790356 0.1562
0 0.738932 0.884115 0.720052 0.884115 0.720052 0.854818 0.738932 0.854818 0.1726
0 0.266223 0.926789 0.262597 0.910637 0.312700 0.899389 0.316326 0.915542 0.1219
0 0.761135 0.557135 0.750000 0.529297 0.781654 0.516635 0.792789 0.544473 0.2536
0 0.887565 0.513086 0.872561 0.493795 0.913577 0.461894 0.928581 0.481185 0.1493
0 0.606888 0.170091 0.601406 0.131719 0.630026 0.127630 0.635508 0.166003 0.1722
0 0.875490 0.515512 0.864849 0.495750 0.878787 0.488245 0.889427 0.508007 0.0656
0 0.711729 0.917775 0.678051 0.912162 0.683119 0.881757 0.716797 0.887370 0.0539
0 0.381505 0.814714 0.380387 0.800741 0.408722 0.798474 0.409840 0.812447 0.0509
