0 0.793620 0.999349 0.743490 0.999349 0.743490 0.957031 0.793620 0.957031 0.0612
0 0.999349 0.999349 0.834635 0.999349 0.834635 0.613932 0.999349 0.613932 0.2866
0 0.999349 0.999349 0.833984 0.999349 0.833984 0.613281 0.999349 0.613281 0.0930
0 0.999349 0.999349 0.833333 0.999349 0.833333 0.611979 0.999349 0.611979 0.0571
0 0.999349 0.999349 0.833984 0.999349 0.833984 0.613932 0.999349 0.613932 0.0566
0 0.999349 0.999349 0.833984 0.999349 0.833984 0.613932 0.999349 0.613932 0.0644
0 0.999349 0.999349 0.833984 0.999349 0.833984 0.613281 0.999349 0.613281 0.0613
0 0.979893 0.290650 0.869021 0.236088 0.981787 0.006941 1.000000 0.061503 0.3291
0 0.999349 0.029948 0.974609 0.029948 0.974609 0.011719 0.999349 0.011719 0.1091
0 0.999349 0.999349 0.833984 0.999349 0.833984 0.613932 0.999349 0.613932 0.0503
0 0.999349 0.999349 0.833984 0.999349 0.833984 0.613281 0.999349 0.613281 0.1352
0 0.752145 1.000000 0.740924 0.961091 0.768804 0.954121 0.780025 0.999004 0.3968
0 0.999349 0.999349 0.833984 0.999349 0.833984 0.613281 0.999349 0.613281 0.0641
0 0.999349 0.999349 0.835286 0.999349 0.835286 0.614583 0.999349 0.614583 0.0537
