0 0.049926 0.953343 0.032943 0.952344 0.033764 0.938376 0.050748 0.939375 0.0646
0 0.593435 0.809726 0.581538 0.792728 0.588223 0.788049 0.600121 0.805046 0.3055
0 0.034405 0.951973 0.032227 0.941081 0.045373 0.938452 0.047551 0.949344 0.1325
0 0.708423 0.831807 0.685524 0.822647 0.689027 0.813892 0.711925 0.823051 0.1053
0 0.834367 0.382391 0.828776 0.360026 0.844248 0.356158 0.849839 0.378523 0.0697
0 0.392578 0.420573 0.387695 0.415690 0.397786 0.405599 0.402669 0.410482 0.0858
0 0.332031 0.750651 0.322266 0.740885 0.331055 0.732096 0.340820 0.741862 0.2366
0 0.591536 0.820833 0.580313 0.796516 0.592657 0.790819 0.603881 0.815136 0.3895
0 0.605794 0.693685 0.595703 0.683594 0.601888 0.677409 0.611979 0.687500 0.2199
0 0.901392 0.833534 0.888772 0.814603 0.896885 0.809195 0.909505 0.828125 0.1767
0 0.582682 0.679037 0.570964 0.667318 0.576497 0.661784 0.588216 0.673503 0.2794
0 0.587839 0.683229 0.569401 0.669401 0.575417 0.661380 0.593854 0.675208 0.1804
0 0.495443 0.260417 0.488281 0.260417 0.488281 0.239583 0.495443 0.239583 0.2550
0 0.508051 0.203967 0.500111 0.197615 0.508559 0.187055 0.516498 0.193407 0.0935
0 0.934324 0.617902 0.927893 0.612757 0.940279 0.597275 0.946710 0.602420 0.2220
0 0.828249 0.386776 0.810537 0.378601 0.814767 0.369436 0.832479 0.377611 0.1597
0 0.434159 0.281876 0.414984 0.276398 0.417441 0.267799 0.436616 0.273278 0.1206
0 0.901961 0.834865 0.889380 0.813898 0.897135 0.809245 0.909716 0.830212 0.0654
0 0.980507 0.777497 0.977750 0.766468 0.999196 0.761106 1.000000 0.772135 0.2125
0 0.512019 0.189904 0.497155 0.181410 0.501202 0.174329 0.516066 0.182823 0.0578
0 0.586239 0.682403 0.569487 0.669001 0.575648 0.661300 0.592400 0.674702 0.1836
0 0.352214 0.729167 0.346354 0.729167 0.346354 0.723307 0.352214 0.723307 0.1782
0 0.901693 0.940755 0.896484 0.940755 0.896484 0.923828 0.901693 0.923828 0.0503
0 0.046549 0.956706 0.042643 0.944987 0.050651 0.942318 0.054557 0.954036 0.1767
0 0.708468 0.832368 0.685446 0.822501 0.689116 0.813937 0.712139 0.823803 0.0985
0 0.921875 0.861979 0.914714 0.861979 0.914714 0.860677 0.921875 0.860677 0.0682
0 0.549609 0.720313 0.537761 0.696615 0.544531 0.693229 0.556380 0.716927 0.1321
0 0.093620 0.942318 0.087240 0.936849 0.094271 0.928646 0.100651 0.934115 0.0713
0 0.596775 0.819393 0.591950 0.800092 0.599763 0.798139 0.604588 0.817440 0.1755
0 0.789974 0.662891 0.788522 0.651272 0.797015 0.650210 0.798468 0.661829 0.1732
0 0.498085 0.511872 0.492915 0.491192 0.502413 0.488817 0.507583 0.509498 0.6480
0 0.335938 0.748698 0.321615 0.748698 0.321615 0.735677 0.335938 0.735677 0.0695
0 0.488000 0.267314 0.477337 0.265537 0.481630 0.239777 0.492293 0.241554 0.2689
0 0.590104 0.820182 0.579557 0.799089 0.585807 0.795964 0.596354 0.817057 0.2597
0 0.329310 0.751291 0.320878 0.741174 0.329075 0.734343 0.337506 0.744461 0.0622
0 0.953441 0.290919 0.951752 0.274031 0.960454 0.273160 0.962143 0.290049 0.1161
0 0.607023 0.694511 0.569594 0.670556 0.575459 0.661393 0.612888 0.685347 0.4991
0 0.505961 0.205870 0.483686 0.185187 0.490782 0.177545 0.513057 0.198229 0.6090
0 0.872244 0.341300 0.862395 0.328825 0.889794 0.307194 0.899643 0.319669 0.1505
0 0.848307 0.868490 0.842448 0.868490 0.842448 0.850260 0.848307 0.850260 0.2427
0 0.435472 0.281626 0.415440 0.277619 0.417368 0.267979 0.437400 0.271985 0.0656
0 0.599369 0.696281 0.575932 0.676885 0.581666 0.669956 0.605103 0.689352 0.3732
0 0.036008 0.954727 0.030098 0.945863 0.042268 0.937750 0.048177 0.946615 0.0714
0 0.097656 0.938151 0.087240 0.938151 0.087240 0.930339 0.097656 0.930339 0.0736
0 0.434486 0.281051 0.416011 0.277587 0.417529 0.269489 0.436004 0.272954 0.5342
0 0.932212 0.872459 0.923852 0.871530 0.926210 0.850308 0.934570 0.851237 0.1123
0 0.588725 0.821356 0.579377 0.801326 0.586220 0.798132 0.595568 0.818162 0.2310
0 0.597701 0.818912 0.590183 0.798864 0.598173 0.795867 0.605692 0.815916 0.2727
0 0.053385 0.955078 0.046875 0.955078 0.046875 0.944661 0.053385 0.944661 0.0935
0 0.338542 0.749349 0.321615 0.749349 0.321615 0.734375 0.338542 0.734375 0.0632
0 0.373055 0.678677 0.361075 0.666177 0.392608 0.635958 0.404587 0.648458 0.0823
0 0.598808 0.818459 0.582983 0.794722 0.591396 0.789113 0.607222 0.812850 0.5315
0 0.589063 0.822005 0.579036 0.801953 0.585807 0.798568 0.595833 0.818620 0.1135
0 0.708423 0.831807 0.685524 0.822647 0.688757 0.814565 0.711656 0.823725 0.6362
0 0.051903 0.954567 0.033313 0.952244 0.034996 0.938782 0.053586 0.941106 0.0843
0 0.492188 0.268229 0.481120 0.268229 0.481120 0.245443 0.492188 0.245443 0.2830
0 0.497917 0.510807 0.493367 0.490334 0.502673 0.488266 0.507223 0.508739 0.1443
0 0.589974 0.821224 0.578776 0.798828 0.586589 0.794922 0.597786 0.817318 0.2057
0 0.319661 0.758464 0.310547 0.758464 0.310547 0.749349 0.319661 0.749349 0.1831
0 0.582682 0.680990 0.569987 0.668294 0.576172 0.662109 0.588867 0.674805 0.2704
0 0.484298 0.264490 0.478523 0.264186 0.479548 0.244709 0.485323 0.245013 0.3154
0 0.549075 0.721062 0.538400 0.696154 0.545236 0.693225 0.555911 0.718133 0.6801
0 0.833602 0.382583 0.828163 0.360830 0.843942 0.356886 0.849380 0.378638 0.1070
0 0.995242 0.496389 0.966126 0.495807 0.967235 0.440347 0.996351 0.440930 0.0650
0 0.513127 0.193897 0.485751 0.185786 0.489889 0.171821 0.517264 0.179932 0.0554
0 0.483073 0.264974 0.478516 0.264974 0.478516 0.245443 0.483073 0.245443 0.1928
0 0.336589 0.748698 0.321615 0.748698 0.321615 0.735026 0.336589 0.735026 0.0579
0 0.902344 0.942057 0.895833 0.942057 0.895833 0.923177 0.902344 0.923177 0.4979
0 0.033819 0.955965 0.031171 0.940961 0.048367 0.937926 0.051015 0.952931 0.0882
0 0.498468 0.511451 0.493375 0.491077 0.502872 0.488703 0.507966 0.509076 0.1241
0 0.900581 0.833504 0.889042 0.813311 0.896965 0.808784 0.908504 0.828976 0.4972
0 0.855469 0.867188 0.846354 0.867188 0.846354 0.848307 0.855469 0.848307 0.2198
0 0.737335 0.672907 0.732913 0.664947 0.744411 0.658559 0.748833 0.666519 0.1433
0 0.736328 0.608724 0.733724 0.606120 0.736328 0.603516 0.738932 0.606120 0.1023
0 0.605794 0.693034 0.594727 0.681966 0.600586 0.676107 0.611654 0.687175 0.3059
0 0.490188 0.268436 0.483019 0.266843 0.488948 0.240165 0.496117 0.241759 0.3010
0 0.594912 0.819191 0.593119 0.804848 0.601613 0.803786 0.603406 0.818129 0.1248
0 0.928318 0.875864 0.924235 0.857079 0.931992 0.855392 0.936076 0.874177 0.4229
0 0.512981 0.192754 0.499660 0.181099 0.504217 0.175891 0.517538 0.187546 0.2228
0 0.482171 0.264478 0.476771 0.263987 0.478601 0.243852 0.484001 0.244343 0.1559
0 0.549453 0.721473 0.540387 0.698161 0.547425 0.695424 0.556491 0.718736 0.0660
0 0.596844 0.819124 0.591415 0.801026 0.599120 0.798715 0.604549 0.816812 0.2429
0 0.218750 0.720703 0.208333 0.720703 0.208333 0.701823 0.218750 0.701823 0.1946
0 0.030773 0.969092 0.023942 0.965249 0.038460 0.939440 0.045291 0.943282 0.0946
0 0.028716 0.972045 0.022125 0.968279 0.034385 0.946825 0.040976 0.950591 0.0686
0 0.931641 0.625000 0.915365 0.625000 0.915365 0.610677 0.931641 0.610677 0.1247
0 0.689628 0.758038 0.682232 0.748528 0.699314 0.735241 0.706711 0.744752 0.1220
0 0.607071 0.694862 0.592047 0.684846 0.597957 0.675982 0.612981 0.685998 0.2082
0 0.507812 0.129557 0.499349 0.129557 0.499349 0.120443 0.507812 0.120443 0.0718
0 0.798177 0.662109 0.789062 0.662109 0.789062 0.651042 0.798177 0.651042 0.0560
0 0.030599 0.969401 0.024349 0.966276 0.030339 0.954297 0.036589 0.957422 0.1737
0 0.840416 0.381544 0.831728 0.361272 0.842100 0.356827 0.850788 0.377099 0.2065
0 0.602214 0.692708 0.593099 0.692708 0.593099 0.686849 0.602214 0.686849 0.2828
0 0.489446 0.269885 0.477046 0.266579 0.484772 0.237606 0.497172 0.240912 0.5736
0 0.981614 0.779230 0.977618 0.769239 0.998720 0.760798 1.000000 0.770788 0.5711
0 0.924147 0.878018 0.914592 0.861114 0.931819 0.851377 0.941374 0.868282 0.0632
0 0.597964 0.818922 0.589308 0.797900 0.597265 0.794623 0.605921 0.815645 0.3096
0 0.352214 0.729167 0.346354 0.729167 0.346354 0.723307 0.352214 0.723307 0.1809
0 0.507812 0.129557 0.500651 0.129557 0.500651 0.121094 0.507812 0.121094 0.3385
0 0.929036 0.625651 0.915365 0.625651 0.915365 0.611979 0.929036 0.611979 0.1427
0 0.774808 0.370539 0.762604 0.314942 0.816459 0.303120 0.828663 0.358717 0.0695
0 0.589319 0.685047 0.569229 0.670436 0.574944 0.662577 0.595034 0.677189 0.2709
0 0.504345 0.206277 0.483930 0.183821 0.491610 0.176839 0.512025 0.199295 0.1957
0 0.596895 0.820334 0.586411 0.801695 0.595096 0.796809 0.605581 0.815448 0.3318
0 0.775821 0.375131 0.758045 0.315881 0.812100 0.299664 0.829875 0.358915 0.1540
0 0.595052 0.808594 0.580404 0.793945 0.586263 0.788086 0.600912 0.802734 0.2875
0 0.038411 0.955078 0.030599 0.947266 0.040690 0.937174 0.048503 0.944987 0.0694
0 0.607812 0.694531 0.589844 0.685547 0.594792 0.675651 0.612760 0.684635 0.2268
0 0.735642 0.670362 0.733425 0.657059 0.763725 0.652009 0.765942 0.665312 0.0906
0 0.596661 0.818934 0.592065 0.800551 0.599878 0.798598 0.604473 0.816981 0.2221
0 0.832515 0.381557 0.826899 0.361343 0.840566 0.357547 0.846181 0.377761 0.1254
0 0.853698 0.869818 0.841849 0.868125 0.844792 0.847526 0.856641 0.849219 0.5504
0 0.508214 0.204364 0.492265 0.192765 0.498515 0.184171 0.514464 0.195770 0.1250
0 0.335286 0.748698 0.322266 0.748698 0.322266 0.736328 0.335286 0.736328 0.0614
0 0.737335 0.672907 0.732913 0.664947 0.744411 0.658559 0.748833 0.666519 0.1459
0 0.845707 0.866844 0.839793 0.865452 0.843780 0.848506 0.849695 0.849898 0.1620
0 0.764323 0.666016 0.748047 0.666016 0.748047 0.652995 0.764323 0.652995 0.2706
0 0.919547 0.626683 0.913715 0.616685 0.942982 0.599613 0.948814 0.609611 0.1458
0 0.321615 0.758464 0.310547 0.758464 0.310547 0.748047 0.321615 0.748047 0.0807
0 0.510248 0.195705 0.497283 0.180383 0.504405 0.174358 0.517369 0.189680 0.3657
0 0.588766 0.820825 0.580398 0.801699 0.587058 0.798785 0.595426 0.817911 0.4841
0 0.982588 0.781809 0.977828 0.773241 0.998336 0.761848 1.000000 0.770416 0.0821
0 0.856120 0.869141 0.844401 0.869141 0.844401 0.848958 0.856120 0.848958 0.1144
0 0.589844 0.820964 0.578776 0.798828 0.585547 0.795443 0.596615 0.817578 0.1242
