0 0.329445 0.697737 0.271128 0.676909 0.279008 0.654845 0.337325 0.675672 0.0997
0 0.585286 0.504557 0.575521 0.504557 0.575521 0.485677 0.585286 0.485677 0.1728
0 0.297779 0.684735 0.271446 0.678883 0.275322 0.661443 0.301654 0.667295 0.0605
0 0.239703 0.431974 0.232099 0.390151 0.266760 0.383849 0.274365 0.425672 0.0734
0 0.404297 0.309896 0.384115 0.309896 0.384115 0.294271 0.404297 0.294271 0.0972
0 0.912779 0.077898 0.885171 0.028204 0.912367 0.013095 0.939975 0.062789 0.0979
0 0.916079 0.248777 0.891927 0.246094 0.896873 0.201577 0.921026 0.204260 0.0862
0 0.348563 0.644197 0.313403 0.631467 0.333039 0.577233 0.368199 0.589963 0.0514
0 0.244871 0.697285 0.242102 0.662663 0.260784 0.661168 0.263554 0.695791 0.0864
0 0.358746 0.691025 0.336970 0.682314 0.347387 0.656272 0.369163 0.664983 0.0506
0 0.243728 0.695744 0.238874 0.647206 0.259308 0.645163 0.264162 0.693701 0.1120
0 0.289535 0.839002 0.283332 0.827836 0.294166 0.821817 0.300370 0.832983 0.1221
0 0.291180 0.826733 0.283729 0.805447 0.325518 0.790821 0.332968 0.812107 0.1179
0 0.086589 0.475911 0.055339 0.475911 0.055339 0.445964 0.086589 0.445964 0.0762
0 0.257812 0.659505 0.240885 0.659505 0.240885 0.644531 0.257812 0.644531 0.0911
0 0.149089 0.475260 0.130859 0.475260 0.130859 0.463542 0.149089 0.463542 0.0852
0 0.213295 0.322557 0.184447 0.311018 0.198500 0.275885 0.227348 0.287424 0.0679
0 0.147691 0.477074 0.128941 0.473558 0.131793 0.458346 0.150543 0.461861 0.0860
0 0.767994 0.858745 0.764419 0.819416 0.810734 0.815205 0.814309 0.854535 0.0681
0 0.409848 0.692113 0.405504 0.678212 0.427857 0.671226 0.432201 0.685128 0.0838
0 0.400515 0.695453 0.394799 0.674017 0.429728 0.664703 0.435444 0.686139 0.0723
0 0.144448 0.424530 0.125302 0.423732 0.126071 0.405291 0.145216 0.406089 0.0613
0 0.702068 0.823111 0.690152 0.771473 0.716683 0.765351 0.728600 0.816988 0.0521
0 0.144445 0.425849 0.125242 0.423545 0.127473 0.404958 0.146675 0.407263 0.0814
0 0.245313 0.698177 0.240885 0.662760 0.262280 0.660086 0.266707 0.695503 0.0591
0 0.538063 0.201655 0.525410 0.154205 0.553734 0.146652 0.566387 0.194102 0.0507
0 0.717448 0.186849 0.687500 0.186849 0.687500 0.145182 0.717448 0.145182 0.0618
0 0.324825 0.697804 0.315710 0.675018 0.335578 0.667071 0.344693 0.689857 0.0753
0 0.327293 0.705673 0.274238 0.674790 0.282768 0.660136 0.335823 0.691019 0.1188
0 0.128906 0.473958 0.122370 0.408596 0.147509 0.406082 0.154045 0.471444 0.1546
0 0.241536 0.658203 0.236198 0.647526 0.248958 0.641146 0.254297 0.651823 0.0580
0 0.247396 0.462240 0.240234 0.433594 0.271331 0.425820 0.278493 0.454465 0.0796
0 0.131810 0.471531 0.120871 0.409545 0.145086 0.405271 0.156025 0.467258 0.0746
0 0.243687 0.697484 0.239167 0.647765 0.259536 0.645913 0.264056 0.695633 0.7172
0 0.128779 0.474768 0.121443 0.408743 0.147310 0.405869 0.154646 0.471894 0.8848
0 0.739633 0.870693 0.731170 0.828375 0.756836 0.823242 0.765299 0.865560 0.1392
0 0.284455 0.840189 0.283147 0.815347 0.313047 0.813773 0.314354 0.838615 0.1549
0 0.543820 0.200311 0.524913 0.158716 0.549979 0.147323 0.568886 0.188918 0.0500
0 0.244109 0.696980 0.238734 0.648604 0.259170 0.646333 0.264545 0.694709 0.1349
0 0.301337 0.826765 0.295385 0.817413 0.323104 0.799774 0.329056 0.809126 0.1531
0 0.660206 0.295037 0.644776 0.274859 0.681966 0.246419 0.697396 0.266597 0.0759
0 0.958913 0.211840 0.934781 0.211347 0.935621 0.170216 0.959752 0.170708 0.0699
0 0.245016 0.697988 0.241575 0.661858 0.262313 0.659883 0.265754 0.696013 0.0569
0 0.131936 0.476087 0.124474 0.438777 0.145633 0.434545 0.153095 0.471855 0.1147
0 0.988343 0.181549 0.968498 0.176037 0.978031 0.141720 0.997875 0.147232 0.0850
0 0.131686 0.476137 0.123973 0.437575 0.145383 0.433293 0.153095 0.471855 0.0687
0 0.926103 0.721437 0.909873 0.675066 0.941309 0.664064 0.957539 0.710434 0.0618
0 0.360677 0.688151 0.343750 0.688151 0.343750 0.661458 0.360677 0.661458 0.1430
0 0.845052 0.251302 0.798177 0.251302 0.798177 0.219401 0.845052 0.219401 0.0778
0 0.212546 0.871404 0.193574 0.856046 0.203823 0.843385 0.222795 0.858744 0.0755
0 0.207682 0.392578 0.191081 0.375977 0.199544 0.367513 0.216146 0.384115 0.2155
0 0.338583 0.696910 0.316359 0.678020 0.329981 0.661994 0.352205 0.680885 0.0737
0 0.616307 0.889706 0.610562 0.866728 0.642578 0.858724 0.648323 0.881702 0.0610
0 0.247838 0.463136 0.239657 0.434503 0.270182 0.425781 0.278363 0.454415 0.0664
0 0.877451 0.195434 0.875458 0.171511 0.917053 0.168045 0.919046 0.191967 0.0764
0 0.918479 0.069659 0.907099 0.051956 0.926052 0.039772 0.937432 0.057475 0.0548
0 0.359771 0.691553 0.339269 0.687935 0.344421 0.658743 0.364922 0.662361 0.0687
0 0.540039 0.199544 0.525716 0.156576 0.552279 0.147721 0.566602 0.190690 0.0575
0 0.327497 0.705072 0.271592 0.673364 0.283184 0.652926 0.339089 0.684633 0.4959
0 0.752242 0.597166 0.749342 0.590643 0.752604 0.589193 0.755504 0.595717 0.0635
0 0.338692 0.694762 0.315405 0.679237 0.326723 0.662260 0.350010 0.677784 0.0840
0 0.540365 0.355469 0.523438 0.355469 0.523438 0.341146 0.540365 0.341146 0.0571
0 0.338191 0.695218 0.322472 0.681246 0.333679 0.668638 0.349398 0.682611 0.0894
0 0.315104 0.298177 0.275391 0.298177 0.275391 0.266276 0.315104 0.266276 0.0571
0 0.308963 0.836258 0.298349 0.813968 0.329079 0.799335 0.339693 0.821624 0.0553
0 0.848463 0.638550 0.840180 0.610387 0.881314 0.598289 0.889597 0.626451 0.0622
0 0.702218 0.825758 0.687459 0.775158 0.716434 0.766707 0.731193 0.817307 0.0857
