0 0.199005 0.980417 0.176706 0.939341 0.240713 0.904595 0.263011 0.945671 0.0858
0 0.273848 0.834215 0.263360 0.796922 0.282685 0.791487 0.293173 0.828780 0.0658
0 0.477290 0.885723 0.433031 0.882318 0.434720 0.860363 0.478979 0.863768 0.1612
0 0.151693 0.931641 0.118880 0.866016 0.142839 0.854037 0.175651 0.919662 0.0982
0 0.588086 0.993555 0.564883 0.960039 0.581031 0.948860 0.604234 0.982375 0.8967
0 0.477198 0.886244 0.432644 0.882194 0.434650 0.860122 0.479204 0.864172 0.8958
0 0.478516 0.883464 0.455729 0.883464 0.455729 0.865885 0.478516 0.865885 0.0548
0 0.511090 0.200790 0.478550 0.153459 0.495819 0.141587 0.528359 0.188918 0.1534
0 0.151823 0.931250 0.132813 0.893229 0.155990 0.881641 0.175000 0.919662 0.1671
0 0.588034 0.993190 0.564995 0.959912 0.581008 0.948826 0.604047 0.982104 0.1467
0 0.307292 0.804688 0.294271 0.804688 0.294271 0.784505 0.307292 0.784505 0.0669
0 0.561849 0.176432 0.516276 0.176432 0.516276 0.110026 0.561849 0.110026 0.0598
0 0.427083 0.948568 0.413411 0.948568 0.413411 0.941406 0.427083 0.941406 0.0694
0 0.585004 0.993407 0.565772 0.958147 0.583105 0.948692 0.602338 0.983952 0.0540
0 0.151580 0.931625 0.124176 0.875295 0.148222 0.863597 0.175626 0.919927 0.0742
0 0.186062 0.981040 0.167495 0.936945 0.243635 0.904887 0.262201 0.948981 0.0569
0 0.476928 0.886687 0.432554 0.881757 0.434991 0.859820 0.479365 0.864750 0.0530
0 0.509607 0.181514 0.479834 0.157695 0.491648 0.142927 0.521421 0.166746 0.0587
