0 0.796147 0.762741 0.780555 0.736354 0.817953 0.714256 0.833545 0.740642 0.1992
0 0.592212 0.934931 0.572759 0.907141 0.581411 0.901085 0.600863 0.928875 0.0678
0 0.688802 0.789714 0.666667 0.767578 0.672852 0.761393 0.694987 0.783529 0.2029
0 0.574384 0.988583 0.548593 0.972712 0.553466 0.964793 0.579257 0.980664 0.2205
0 0.680021 0.803782 0.655567 0.784219 0.671954 0.763735 0.696408 0.783298 0.1376
0 0.677429 0.804393 0.654787 0.786896 0.663879 0.775130 0.686521 0.792627 0.1165
0 0.101612 0.790193 0.083124 0.784911 0.090716 0.758341 0.109203 0.763623 0.0567
0 0.823568 0.734375 0.805990 0.734375 0.805990 0.717448 0.823568 0.717448 0.0801
0 0.523068 0.997112 0.492487 0.980802 0.497317 0.971746 0.527898 0.988056 0.0860
0 0.565755 0.962891 0.547201 0.944336 0.554362 0.937175 0.572917 0.955729 0.1853
0 0.597775 0.920316 0.575929 0.897184 0.582677 0.890811 0.604523 0.913943 0.1816
0 0.567057 0.804688 0.551172 0.796745 0.565755 0.767578 0.581641 0.775521 0.0566
0 0.673372 0.803414 0.655740 0.783137 0.664331 0.775667 0.681963 0.795944 0.0701
0 0.356590 0.974263 0.342675 0.968465 0.356409 0.935505 0.370323 0.941302 0.0783
0 0.506510 0.848307 0.490885 0.848307 0.490885 0.829427 0.506510 0.829427 0.0668
0 0.832682 0.748047 0.783854 0.748047 0.783854 0.735677 0.832682 0.735677 0.1950
0 0.625685 0.970109 0.616630 0.954717 0.622776 0.951102 0.631830 0.966494 0.0519
0 0.241099 1.000000 0.220294 0.997543 0.233144 0.962206 0.253949 0.969772 0.0517
0 0.574089 0.907161 0.569206 0.892513 0.580534 0.888737 0.585417 0.903385 0.0541
0 0.612067 0.931469 0.574153 0.905290 0.582662 0.892967 0.620576 0.919146 0.1128
0 0.522984 0.996734 0.493609 0.981183 0.498154 0.972598 0.527529 0.988149 0.0750
0 0.479569 0.930533 0.452330 0.911584 0.458460 0.902772 0.485699 0.921721 0.1056
0 0.673108 0.803120 0.656008 0.783578 0.664212 0.776399 0.681312 0.795942 0.0697
0 0.650521 0.975000 0.618229 0.958854 0.624089 0.947136 0.656380 0.963281 0.2099
0 0.523047 0.996224 0.502474 0.985938 0.506641 0.977604 0.527214 0.987891 0.0515
0 0.592112 0.935066 0.565838 0.897533 0.579515 0.887960 0.605788 0.925493 0.2455
0 0.046000 0.675920 0.030055 0.662632 0.053588 0.634392 0.069533 0.647680 0.0648
0 0.649972 0.975233 0.621515 0.958633 0.627773 0.947907 0.656230 0.964506 0.0622
