0 0.696289 0.846029 0.680339 0.830078 0.698242 0.812174 0.714193 0.828125 0.0678
0 0.040753 0.518927 0.020957 0.463498 0.043805 0.455337 0.063602 0.510767 0.0649
0 0.950182 0.572220 0.945323 0.515531 0.964232 0.513910 0.969091 0.570599 0.1094
0 0.603251 0.379503 0.584817 0.378419 0.587017 0.341018 0.605451 0.342102 0.0566
0 0.926255 0.443079 0.920322 0.438436 0.942344 0.410296 0.948278 0.414939 0.0528
0 0.806641 0.212891 0.781901 0.212891 0.781901 0.164714 0.806641 0.164714 0.0505
0 0.108200 0.249148 0.103314 0.238154 0.126993 0.227630 0.131880 0.238624 0.0553
0 0.960668 0.572651 0.951504 0.541493 0.964862 0.537563 0.974027 0.568722 0.0555
0 0.559896 0.990885 0.541016 0.990885 0.541016 0.970052 0.559896 0.970052 0.0535
0 0.154297 0.822266 0.126302 0.822266 0.126302 0.801432 0.154297 0.801432 0.0507
0 0.955203 0.573543 0.943710 0.516076 0.962490 0.512320 0.973983 0.569787 0.3841
0 0.720391 0.488516 0.713844 0.482658 0.733017 0.461230 0.739563 0.467087 0.0865
0 0.107227 0.759180 0.097461 0.729883 0.117773 0.723112 0.127539 0.752409 0.0506
0 0.961969 0.572660 0.950355 0.540721 0.961437 0.536691 0.973051 0.568630 0.0814
0 0.705078 0.859375 0.695262 0.844651 0.709085 0.835437 0.718900 0.850160 0.0864
0 0.132736 0.803079 0.127145 0.780714 0.151348 0.774663 0.156939 0.797028 0.0503
0 0.213542 0.377604 0.188802 0.377604 0.188802 0.359375 0.213542 0.359375 0.1060
0 0.112583 0.809674 0.107800 0.787354 0.128474 0.782924 0.133257 0.805243 0.0617
0 0.101562 0.408854 0.076823 0.408854 0.076823 0.386719 0.101562 0.386719 0.0536
0 0.039084 0.517343 0.028940 0.474234 0.050423 0.469179 0.060566 0.512289 0.0902
0 0.019750 0.452460 0.011028 0.441054 0.032148 0.424903 0.040871 0.436309 0.0623
0 0.013672 0.848307 0.000000 0.848307 0.000000 0.827474 0.013672 0.827474 0.0693
0 0.946895 0.536749 0.944221 0.515355 0.960888 0.513271 0.963562 0.534666 0.0734
0 0.475712 0.259721 0.473224 0.234839 0.509450 0.231217 0.511938 0.256098 0.0542
0 0.713301 0.548147 0.701042 0.546615 0.703065 0.530429 0.715325 0.531961 0.0565
0 0.370443 0.166016 0.350911 0.166016 0.350911 0.147786 0.370443 0.147786 0.0538
0 0.114714 0.821354 0.103516 0.815755 0.110807 0.801172 0.122005 0.806771 0.0646
0 0.932292 0.137370 0.926432 0.137370 0.926432 0.098307 0.932292 0.098307 0.0556
0 0.337891 0.284505 0.327474 0.284505 0.327474 0.270833 0.337891 0.270833 0.0583
0 0.151172 0.858464 0.144661 0.838932 0.175326 0.828711 0.181836 0.848242 0.0548
0 0.964844 0.535807 0.945964 0.535807 0.945964 0.513672 0.964844 0.513672 0.0710
