0 0.246879 0.656412 0.218512 0.646400 0.227851 0.619940 0.256218 0.629952 0.0655
0 0.862630 0.098307 0.858073 0.093750 0.861328 0.090495 0.865885 0.095052 0.1057
0 0.996871 0.062125 0.946515 0.041789 0.957583 0.014383 1.000000 0.034719 0.5391
0 0.896484 0.013672 0.885417 0.013672 0.885417 0.000000 0.896484 0.000000 0.1553
0 0.994721 0.061185 0.946614 0.042166 0.956952 0.016018 1.000000 0.035037 0.1254
0 0.897135 0.012370 0.877604 0.012370 0.877604 0.000000 0.897135 0.000000 0.1911
0 0.896484 0.043620 0.791016 0.043620 0.791016 0.000000 0.896484 0.000000 0.0887
0 0.779622 0.054362 0.777018 0.051758 0.779622 0.049154 0.782227 0.051758 0.0839
0 0.996038 0.064336 0.897195 0.017880 0.910782 0.000000 1.000000 0.035429 0.4374
0 0.897786 0.014323 0.882812 0.014323 0.882812 0.000000 0.897786 0.000000 0.1577
0 0.948555 0.037379 0.914862 0.023153 0.923194 0.003421 0.956886 0.017647 0.1655
0 0.849810 0.035457 0.827374 0.001803 0.843149 0.000000 0.865585 0.024940 0.0772
0 0.841054 0.048212 0.791443 0.003111 0.809089 0.000000 0.858700 0.028802 0.4379
0 0.933515 0.101149 0.907486 0.068810 0.919695 0.058983 0.945725 0.091322 0.0864
0 0.871314 0.028586 0.858624 0.021334 0.873127 0.000000 0.885817 0.003205 0.1468
0 0.951284 0.037065 0.925412 0.022404 0.936480 0.002873 0.962352 0.017533 0.1367
0 0.995947 0.062033 0.947001 0.044126 0.956756 0.017462 1.000000 0.035369 0.0975
0 0.999349 0.026042 0.944661 0.026042 0.944661 0.000000 0.999349 0.000000 0.3653
0 0.957946 0.035009 0.901212 0.015325 0.910836 0.000000 0.967570 0.007270 0.0660
0 0.989315 0.059647 0.912033 0.023130 0.924903 0.000000 1.000000 0.032411 0.0639
0 0.937314 0.108661 0.864337 0.068953 0.876231 0.047095 0.949208 0.086803 0.8044
0 0.999320 0.054300 0.951739 0.052813 0.952919 0.015069 1.000000 0.016556 0.0993
0 0.897786 0.013021 0.882812 0.013021 0.882812 0.000000 0.897786 0.000000 0.1662
0 0.877995 0.022917 0.869987 0.020247 0.875716 0.003060 0.883724 0.005729 0.1130
0 0.379557 0.398438 0.367188 0.398438 0.367188 0.375651 0.379557 0.375651 0.0949
0 0.997758 0.059206 0.947114 0.043623 0.956489 0.013155 1.000000 0.028737 0.1048
0 0.964193 0.016276 0.940104 0.016276 0.940104 0.000000 0.964193 0.000000 0.1965
0 0.985723 0.055074 0.902500 0.015749 0.914259 0.000000 0.997482 0.030189 0.0979
0 0.898859 0.025774 0.893268 0.003408 0.915326 0.000000 0.920918 0.020259 0.1275
0 0.999349 0.057292 0.953125 0.057292 0.953125 0.028646 0.999349 0.028646 0.1727
0 0.961021 0.021589 0.944401 0.007593 0.954193 0.000000 0.970813 0.009961 0.1288
0 0.899127 0.121898 0.897404 0.115005 0.911650 0.111443 0.913373 0.118336 0.1006
0 0.945425 0.060663 0.898429 0.044077 0.907600 0.018093 0.954595 0.034679 0.1510
0 0.981881 0.086362 0.939760 0.061670 0.951308 0.041971 0.993429 0.066663 0.0720
0 0.640736 0.072204 0.613392 0.064392 0.625970 0.020367 0.653314 0.028179 0.3669
0 0.999349 0.056641 0.953776 0.056641 0.953776 0.000000 0.999349 0.000000 0.0516
0 0.996419 0.061620 0.946183 0.042210 0.956668 0.015071 1.000000 0.034480 0.1534
0 0.905298 0.034706 0.893880 0.017578 0.909956 0.006861 0.921374 0.023988 0.1172
0 0.963830 0.075360 0.938460 0.064084 0.947642 0.043425 0.973012 0.054701 0.1081
0 0.923177 0.022786 0.903646 0.022786 0.903646 0.000000 0.923177 0.000000 0.1434
0 0.937007 0.108058 0.864679 0.069112 0.876281 0.047565 0.948609 0.086511 0.2073
0 0.999349 0.029948 0.957682 0.029948 0.957682 0.005208 0.999349 0.005208 0.0844
0 0.973692 0.077040 0.939444 0.063029 0.947751 0.042723 0.981999 0.056734 0.1686
0 0.876172 0.022396 0.868620 0.018620 0.876693 0.002474 0.884245 0.006250 0.0903
0 0.791667 0.013021 0.767578 0.013021 0.767578 0.000000 0.791667 0.000000 0.0666
0 0.999349 0.026693 0.938151 0.026693 0.938151 0.000000 0.999349 0.000000 0.4409
0 0.977388 0.082077 0.936864 0.063841 0.946902 0.041535 0.987426 0.059771 0.2060
0 0.948577 0.036296 0.900734 0.018472 0.909053 0.000000 0.956896 0.013966 0.1410
0 0.952661 0.032812 0.926491 0.020295 0.936440 0.000000 0.962610 0.012009 0.1624
0 0.955896 0.098078 0.914786 0.065716 0.929598 0.046901 0.970707 0.079264 0.2082
0 0.832740 0.037537 0.807266 0.013275 0.822578 0.000000 0.848053 0.021459 0.2434
0 0.173705 0.602677 0.058311 0.514071 0.093679 0.468010 0.209073 0.556616 0.1034
0 0.983007 0.057336 0.945483 0.036228 0.957984 0.014004 0.995508 0.035112 0.2311
0 0.936903 0.108565 0.865007 0.068833 0.876822 0.047454 0.948718 0.087185 0.2163
0 0.896484 0.013672 0.884766 0.013672 0.884766 0.000000 0.896484 0.000000 0.1478
0 0.898438 0.013672 0.882812 0.013672 0.882812 0.000000 0.898438 0.000000 0.0622
0 0.949204 0.037914 0.927083 0.024089 0.938970 0.005069 0.961091 0.018895 0.1069
0 0.949184 0.044684 0.930679 0.029140 0.937899 0.020544 0.956405 0.036088 0.0567
0 0.967507 0.091397 0.949606 0.062414 0.967930 0.051096 0.985831 0.080079 0.0588
0 0.929688 0.022135 0.903646 0.022135 0.903646 0.000000 0.929688 0.000000 0.2359
0 0.972115 0.087582 0.942387 0.062226 0.956795 0.045333 0.986523 0.070690 0.0865
0 0.946389 0.026178 0.933185 0.000546 0.952970 0.000000 0.966174 0.015986 0.1731
0 0.995060 0.088771 0.946806 0.076708 0.953814 0.048675 1.000000 0.060738 0.0619
0 0.897786 0.014323 0.880859 0.014323 0.880859 0.000000 0.897786 0.000000 0.0834
0 0.956336 0.095819 0.888182 0.052722 0.913180 0.013190 0.981334 0.056287 0.4962
0 0.951778 0.029296 0.940765 0.006483 0.954565 0.000000 0.965578 0.022634 0.1560
0 0.950420 0.036906 0.917670 0.022528 0.926711 0.001933 0.959461 0.016311 0.2035
0 0.957125 0.094394 0.892229 0.054947 0.904450 0.034841 0.969346 0.074288 0.0510
0 0.312786 0.462292 0.294661 0.448698 0.305677 0.434010 0.323802 0.447604 0.0517
0 0.999349 0.090495 0.896484 0.090495 0.896484 0.000000 0.999349 0.000000 0.0511
0 0.986679 0.089155 0.886121 0.034885 0.912822 0.000000 1.000000 0.039680 0.4295
0 0.924020 0.074605 0.890089 0.055070 0.898296 0.040816 0.932226 0.060352 0.0871
0 0.789062 0.012370 0.767578 0.012370 0.767578 0.000000 0.789062 0.000000 0.5550
0 0.292325 0.518046 0.270396 0.509692 0.298233 0.436622 0.320162 0.444976 0.4063
0 0.852557 0.034168 0.830385 0.001562 0.848032 0.000000 0.870204 0.022167 0.1215
0 0.953440 0.072255 0.938741 0.056576 0.957279 0.039196 0.971978 0.054876 0.0515
0 0.041519 0.044513 0.031117 0.040730 0.033569 0.033987 0.043971 0.037770 0.0616
0 0.973511 0.076940 0.940183 0.062449 0.948919 0.042357 0.982247 0.056848 0.1927
0 0.964844 0.016276 0.940755 0.016276 0.940755 0.000000 0.964844 0.000000 0.1461
0 0.957517 0.033836 0.933244 0.026171 0.940624 0.002803 0.964896 0.010468 0.1576
0 0.998110 0.032875 0.963295 0.020823 0.969580 0.002666 1.000000 0.014718 0.0996
0 0.896484 0.019531 0.870443 0.019531 0.870443 0.000000 0.896484 0.000000 0.0984
0 0.957609 0.037316 0.899086 0.016414 0.908557 0.000000 0.967080 0.010797 0.0533
0 0.170573 0.807943 0.169596 0.806966 0.170898 0.805664 0.171875 0.806641 0.0655
0 0.789062 0.012370 0.767578 0.012370 0.767578 0.000000 0.789062 0.000000 0.5429
0 0.991392 0.059542 0.898565 0.016622 0.911066 0.000000 1.000000 0.032504 0.0766
0 0.951328 0.090235 0.938558 0.061959 0.964008 0.050466 0.976778 0.078742 0.0847
0 0.898438 0.013021 0.882161 0.013021 0.882161 0.000000 0.898438 0.000000 0.1710
0 0.955404 0.075195 0.938477 0.058268 0.957031 0.039714 0.973958 0.056641 0.1075
0 0.923177 0.020182 0.903646 0.020182 0.903646 0.000000 0.923177 0.000000 0.2798
0 0.921875 0.024089 0.902344 0.024089 0.902344 0.000000 0.921875 0.000000 0.1268
0 0.903680 0.020795 0.902528 0.000062 0.918213 0.000000 0.919365 0.019924 0.1550
0 0.952578 0.036351 0.928495 0.023450 0.938677 0.004444 0.962760 0.017345 0.1605
0 0.950521 0.040365 0.901693 0.040365 0.901693 0.000000 0.950521 0.000000 0.0934
0 0.812917 0.021797 0.788854 0.003750 0.797370 0.000000 0.821432 0.010443 0.0902
0 0.955459 0.097831 0.920525 0.069884 0.934118 0.052893 0.969052 0.080840 0.3770
0 0.999349 0.027995 0.904297 0.027995 0.904297 0.000000 0.999349 0.000000 0.0767
0 0.897135 0.013021 0.882161 0.013021 0.882161 0.000000 0.897135 0.000000 0.1918
0 0.954329 0.034174 0.899018 0.017156 0.907619 0.000000 0.962929 0.006222 0.0510
0 0.999349 0.091146 0.887370 0.091146 0.887370 0.000000 0.999349 0.000000 0.1550
0 0.841954 0.043771 0.809748 0.012716 0.825154 0.000000 0.857359 0.027795 0.0948
0 0.789714 0.013672 0.767578 0.013672 0.767578 0.000000 0.789714 0.000000 0.0692
0 0.999349 0.057292 0.964193 0.057292 0.964193 0.028646 0.999349 0.028646 0.1506
0 0.988769 0.058702 0.897982 0.014217 0.912470 0.000000 1.000000 0.029135 0.3302
0 0.897786 0.013672 0.882812 0.013672 0.882812 0.000000 0.897786 0.000000 0.1461
0 0.999349 0.026042 0.964193 0.026042 0.964193 0.000000 0.999349 0.000000 0.4371
0 0.995213 0.086857 0.961818 0.078508 0.968099 0.053385 1.000000 0.061734 0.1259
0 0.971688 0.066459 0.942743 0.045784 0.953653 0.030511 0.982598 0.051186 0.1104
0 0.954501 0.074379 0.938504 0.057381 0.958202 0.038841 0.974200 0.055839 0.1458
0 0.999349 0.102214 0.867839 0.102214 0.867839 0.000000 0.999349 0.000000 0.2725
0 0.897135 0.012370 0.876953 0.012370 0.876953 0.000000 0.897135 0.000000 0.0537
0 0.964200 0.047103 0.898800 0.018565 0.911275 0.000000 0.976675 0.018515 0.1462
0 0.108560 0.741912 0.086770 0.732379 0.096437 0.710282 0.118227 0.719815 0.0899
0 0.999349 0.026042 0.951823 0.026042 0.951823 0.000000 0.999349 0.000000 0.1031
0 0.940874 0.069374 0.895619 0.050648 0.905288 0.027282 0.950543 0.046009 0.0613
0 0.947880 0.036607 0.901819 0.025441 0.908107 0.000000 0.954168 0.010670 0.1154
0 0.948029 0.041061 0.907283 0.024762 0.914826 0.005904 0.955572 0.022203 0.1034
0 0.808699 0.018863 0.788068 0.004126 0.796074 0.000000 0.816705 0.007654 0.0826
0 0.999349 0.057292 0.953125 0.057292 0.953125 0.028646 0.999349 0.028646 0.1684
0 0.999349 0.102214 0.867839 0.102214 0.867839 0.000000 0.999349 0.000000 0.1892
0 0.956843 0.097150 0.891061 0.055913 0.902672 0.037393 0.968453 0.078629 0.6556
0 0.891927 0.083333 0.864323 0.069531 0.875391 0.047396 0.902995 0.061198 0.1554
0 0.997454 0.062622 0.946964 0.044670 0.957317 0.015553 1.000000 0.033505 0.0852
0 0.975521 0.061979 0.945097 0.038316 0.953686 0.027274 0.984110 0.050937 0.0843
0 0.897135 0.013021 0.882812 0.013021 0.882812 0.000000 0.897135 0.000000 0.1790
0 0.929036 0.020182 0.903646 0.020182 0.903646 0.000000 0.929036 0.000000 0.2961
0 0.789714 0.013672 0.767578 0.013672 0.767578 0.000000 0.789714 0.000000 0.0741
0 0.999349 0.031250 0.949219 0.031250 0.949219 0.005208 0.999349 0.005208 0.1573
0 0.934207 0.110286 0.897307 0.083153 0.911956 0.063230 0.948857 0.090362 0.0843
0 0.840495 0.046224 0.807292 0.013021 0.824219 0.000000 0.857422 0.029297 0.1759
0 0.999349 0.027995 0.966797 0.027995 0.966797 0.005859 0.999349 0.005859 0.0936
0 0.789062 0.012370 0.766927 0.012370 0.766927 0.000000 0.789062 0.000000 0.0973
0 0.925781 0.020182 0.902995 0.020182 0.902995 0.000000 0.925781 0.000000 0.1864
0 0.093218 0.130767 0.000000 0.040966 0.024990 0.000000 0.139282 0.072140 0.0968
0 0.999349 0.102214 0.868490 0.102214 0.868490 0.000000 0.999349 0.000000 0.0698
0 0.879557 0.030599 0.830729 0.030599 0.830729 0.000000 0.879557 0.000000 0.1420
0 0.931635 0.109940 0.902920 0.084814 0.917761 0.067852 0.946476 0.092978 0.0629
0 0.988262 0.048696 0.901044 0.015293 0.911648 0.000000 0.998866 0.021009 0.0719
0 0.878255 0.042969 0.793620 0.042969 0.793620 0.000000 0.878255 0.000000 0.4470
0 0.926812 0.074528 0.890683 0.055203 0.899341 0.039016 0.935470 0.058341 0.1662
0 0.879557 0.027995 0.838542 0.027995 0.838542 0.000000 0.879557 0.000000 0.4209
0 0.292872 0.515309 0.271945 0.507337 0.292995 0.452081 0.313922 0.460053 0.2128
0 0.896484 0.013672 0.873698 0.013672 0.873698 0.000000 0.896484 0.000000 0.1462
0 0.942900 0.064293 0.895462 0.043539 0.907580 0.015841 0.955018 0.036595 0.6483
0 0.967054 0.075753 0.895565 0.064539 0.900523 0.032930 0.972012 0.044144 0.0656
0 0.897786 0.013672 0.881510 0.013672 0.881510 0.000000 0.897786 0.000000 0.1590
0 0.951967 0.034056 0.899430 0.017245 0.907669 0.000000 0.960206 0.008308 0.4633
0 0.979089 0.056745 0.943880 0.030339 0.957943 0.011589 0.993151 0.037995 0.1805
0 0.959137 0.076785 0.934723 0.062136 0.947246 0.041265 0.971660 0.055913 0.0562
0 0.789062 0.013021 0.767578 0.013021 0.767578 0.000000 0.789062 0.000000 0.1047
0 0.896484 0.011719 0.876953 0.011719 0.876953 0.000000 0.896484 0.000000 0.2080
0 0.998779 0.084887 0.960176 0.083049 0.961516 0.054901 1.000000 0.056739 0.4081
0 0.981530 0.055652 0.929459 0.034061 0.940251 0.008032 0.992322 0.029623 0.0780
0 0.963151 0.071484 0.896550 0.049284 0.906641 0.019010 0.973242 0.041211 0.3297
0 0.939378 0.094025 0.935822 0.076247 0.962240 0.070964 0.965795 0.088742 0.0987
