0 0.197917 0.999349 0.146484 0.999349 0.146484 0.973958 0.197917 0.973958 0.1593
0 0.596407 0.574396 0.522171 0.534097 0.549625 0.483524 0.623860 0.523823 0.0784
0 0.336566 0.661866 0.273410 0.652941 0.287786 0.551202 0.350943 0.560127 0.0624
0 0.591568 0.707636 0.460243 0.654481 0.553971 0.422918 0.685295 0.476073 0.0578
0 0.197266 0.999349 0.003906 0.999349 0.003906 0.903646 0.197266 0.903646 0.0795
0 0.143662 0.581991 0.100153 0.562215 0.146797 0.459600 0.190305 0.479376 0.1177
0 0.324218 0.659537 0.270020 0.640879 0.340275 0.436805 0.394473 0.455464 0.1157
0 0.590848 0.719595 0.456230 0.666608 0.553623 0.419177 0.688241 0.472165 0.0655
0 0.754877 0.783068 0.676065 0.750960 0.769872 0.520707 0.848684 0.552815 0.7612
0 0.534458 0.907170 0.519176 0.900377 0.538613 0.856643 0.553896 0.863436 0.1400
0 0.180048 0.608758 0.145906 0.592585 0.168747 0.544365 0.202889 0.560538 0.0726
0 0.660312 0.585495 0.644271 0.583203 0.650039 0.542825 0.666081 0.545117 0.1052
0 0.132530 0.536874 0.113013 0.526778 0.147687 0.459741 0.167205 0.469837 0.0881
0 0.182581 0.608604 0.145088 0.591852 0.193735 0.482977 0.231227 0.499729 0.6857
0 0.354557 0.654167 0.336849 0.645313 0.359896 0.599219 0.377604 0.608073 0.0732
0 0.756051 0.781309 0.679267 0.751572 0.767291 0.524286 0.844075 0.554023 0.0895
0 0.572479 0.768515 0.438041 0.716356 0.553084 0.419837 0.687521 0.471996 0.0550
0 0.766181 0.691851 0.765006 0.681275 0.782798 0.679298 0.783973 0.689874 0.0740
0 0.245754 0.641494 0.211738 0.626612 0.225440 0.595293 0.259456 0.610176 0.1074
0 0.216711 0.540340 0.193065 0.533584 0.205815 0.488957 0.229461 0.495713 0.0516
0 0.137020 0.521312 0.117646 0.509114 0.149490 0.458538 0.168864 0.470736 0.0789
0 0.354688 0.654557 0.336458 0.645443 0.360026 0.598307 0.378255 0.607422 0.5591
0 0.478332 1.000000 0.294439 0.994920 0.422820 0.735591 0.606713 0.826627 0.2249
0 0.143961 0.583803 0.101797 0.565064 0.117584 0.529545 0.159747 0.548284 0.0502
0 0.212903 0.533328 0.208860 0.491549 0.225713 0.489918 0.229756 0.531697 0.0582
0 0.212253 0.534016 0.208715 0.491559 0.225849 0.490131 0.229387 0.532588 0.0586
0 0.319688 0.656830 0.270031 0.638208 0.306364 0.541319 0.356022 0.559940 0.1339
0 0.311042 0.649757 0.286123 0.642803 0.296049 0.607237 0.320967 0.614191 0.1001
0 0.384481 0.526553 0.322057 0.502126 0.350719 0.428876 0.413144 0.453303 0.0638
0 0.180434 0.606242 0.097505 0.567216 0.148541 0.458765 0.231470 0.497791 0.1780
0 0.179948 0.608854 0.144531 0.591146 0.170052 0.540104 0.205469 0.557813 0.1843
0 0.181668 0.607636 0.146282 0.591628 0.194964 0.484016 0.230350 0.500024 0.1351
0 0.660204 0.584858 0.646413 0.583325 0.649795 0.552885 0.663586 0.554418 0.0549
0 0.518982 1.000000 0.499087 0.996063 0.552816 0.885314 0.572712 0.894967 0.1395
0 0.326718 0.678940 0.178626 0.615216 0.289050 0.358596 0.437142 0.422321 0.2837
0 0.179634 0.605348 0.146390 0.592562 0.185487 0.490912 0.218730 0.503698 0.1635
0 0.145889 0.584655 0.099593 0.562896 0.148307 0.459248 0.194603 0.481008 0.6952
0 0.113303 1.000000 0.000000 0.991818 0.048800 0.900293 0.163472 0.963150 0.1536
0 0.999349 0.951172 0.930990 0.951172 0.930990 0.712240 0.999349 0.712240 0.2566
0 0.355729 0.653125 0.337760 0.644141 0.360547 0.598568 0.378516 0.607552 0.0805
0 0.783203 0.690104 0.766276 0.690104 0.766276 0.679688 0.783203 0.679688 0.0609
0 0.342634 0.681674 0.097376 0.582779 0.201642 0.324198 0.446901 0.423093 0.2892
0 0.637891 0.591406 0.503255 0.524089 0.557031 0.416536 0.691667 0.483854 0.0629
0 0.861979 0.096354 0.847005 0.096354 0.847005 0.080729 0.861979 0.080729 0.0510
0 0.528875 1.000000 0.482886 0.990718 0.542969 0.835330 0.588958 0.853112 0.0728
0 0.332692 0.675826 0.261311 0.649663 0.343450 0.425565 0.414831 0.451729 0.4965
0 0.320125 0.659615 0.271400 0.642358 0.302101 0.555670 0.350826 0.572927 0.0568
0 0.356885 1.000000 0.295826 0.995444 0.348045 0.876948 0.409104 0.903855 0.1536
0 0.339746 0.658481 0.275961 0.638037 0.342014 0.431952 0.405799 0.452396 0.0576
0 0.537524 1.000000 0.483523 0.992410 0.544239 0.802672 0.598240 0.819952 0.1140
0 0.348372 0.677238 0.268064 0.651256 0.340789 0.426470 0.421097 0.452452 0.0697
0 0.650391 0.568359 0.514453 0.500391 0.556901 0.415495 0.692838 0.483464 0.0686
0 0.459248 1.000000 0.424657 0.996068 0.472400 0.875517 0.506991 0.889217 0.0814
0 0.261638 0.649936 0.180431 0.616498 0.286826 0.358109 0.368033 0.391548 0.1438
