0 0.646218 0.852922 0.640768 0.827490 0.671980 0.820802 0.677429 0.846234 0.0506
0 0.680990 0.830729 0.671875 0.830729 0.671875 0.820312 0.680990 0.820312 0.0553
0 0.829918 0.826843 0.827805 0.809936 0.841346 0.808243 0.843460 0.825150 0.0773
0 0.999349 0.907552 0.996745 0.907552 0.996745 0.904297 0.999349 0.904297 0.0610
0 0.991632 0.996538 0.975626 0.976531 0.986423 0.967892 1.000000 0.987900 0.0831
0 0.995413 1.000000 0.957833 0.998679 0.959043 0.967225 0.996623 0.968670 0.0519
0 0.674479 0.832682 0.668770 0.824119 0.677334 0.818409 0.683043 0.826973 0.0589
0 0.978080 1.000000 0.957397 0.968711 0.979906 0.956544 1.000000 0.994808 0.5863
0 0.978575 1.000000 0.957304 0.968859 0.972742 0.960097 0.994013 0.997574 0.2084
0 0.367188 0.671875 0.347005 0.671875 0.347005 0.647786 0.367188 0.647786 0.0534
0 0.991536 0.991536 0.976429 0.977508 0.984150 0.969192 0.999258 0.983221 0.0830
0 0.976813 0.998254 0.956275 0.969680 0.966149 0.962583 0.986686 0.991157 0.1772
0 0.373698 0.672526 0.346354 0.672526 0.346354 0.644531 0.373698 0.644531 0.2196
0 0.496024 0.927644 0.474790 0.924990 0.476072 0.914734 0.497306 0.917388 0.0557
0 0.530449 0.744241 0.518054 0.741762 0.522786 0.718099 0.535181 0.720578 0.0586
0 0.649609 0.732812 0.605273 0.718034 0.612044 0.697721 0.656380 0.712500 0.0501
0 0.964710 0.979377 0.960746 0.972771 0.964671 0.970416 0.968635 0.977022 0.0884
0 0.992239 1.000000 0.976937 0.975810 0.989161 0.968566 1.000000 0.994389 0.0525
0 0.858073 0.826823 0.842448 0.826823 0.842448 0.811198 0.858073 0.811198 0.0553
0 0.994792 0.999349 0.958984 0.999349 0.958984 0.965495 0.994792 0.965495 0.1297
0 0.991536 0.992838 0.976623 0.977048 0.985207 0.968941 1.000000 0.984732 0.0562
0 0.565609 0.846882 0.555801 0.846305 0.557085 0.824475 0.566893 0.825052 0.0508
0 0.999314 0.919559 0.974946 0.918656 0.975269 0.909916 0.999638 0.910818 0.0914
0 0.991537 0.994141 0.976365 0.977185 0.985652 0.968875 1.000000 0.985831 0.0919
0 0.999261 0.928262 0.990498 0.926802 0.991026 0.923635 0.999789 0.925095 0.0897
0 0.181791 0.966246 0.167218 0.956530 0.183243 0.932492 0.197816 0.942208 0.0583
0 0.960286 0.792969 0.949219 0.792969 0.949219 0.783854 0.960286 0.783854 0.0504
0 0.999300 0.926932 0.972127 0.924302 0.973549 0.909612 1.000000 0.912242 0.5746
0 0.964427 0.978177 0.961380 0.974115 0.964297 0.971927 0.967344 0.975990 0.0951
0 0.181646 0.966500 0.166987 0.956352 0.183534 0.932451 0.198193 0.942599 0.0525
0 0.978554 1.000000 0.960287 0.972005 0.968233 0.967237 0.986501 0.997683 0.0555
0 0.999173 0.927488 0.971829 0.922931 0.974099 0.909312 1.000000 0.913869 0.0740
0 0.999331 0.925997 0.972176 0.923734 0.973379 0.909294 1.000000 0.911557 0.1890
0 0.996094 0.999349 0.972656 0.999349 0.972656 0.974609 0.996094 0.974609 0.0552
