0 0.581712 0.808778 0.573998 0.781778 0.582252 0.779420 0.589967 0.806420 0.1227
0 0.577591 0.797044 0.575391 0.781641 0.581406 0.780781 0.583607 0.796185 0.0648
0 0.924688 0.410964 0.847442 0.378439 0.856805 0.356202 0.934050 0.388727 0.1078
0 0.933931 0.484960 0.926251 0.467405 0.948143 0.457827 0.955823 0.475382 0.0814
0 0.880746 0.389852 0.847247 0.373984 0.859668 0.347761 0.893167 0.363629 0.1038
0 0.886533 0.389568 0.845823 0.378466 0.853185 0.351472 0.893895 0.362575 0.2502
0 0.807292 0.291016 0.799479 0.291016 0.799479 0.278646 0.807292 0.278646 0.2373
0 0.886196 0.368834 0.859690 0.361038 0.862448 0.351662 0.888954 0.359458 0.0533
0 0.939529 0.329717 0.911279 0.323770 0.914864 0.306741 0.943114 0.312688 0.1229
0 0.927799 0.466526 0.918907 0.424041 0.949396 0.417659 0.958288 0.460144 0.1626
0 0.877116 0.387407 0.846949 0.375066 0.852217 0.362188 0.882384 0.374529 0.0989
0 0.947472 0.487624 0.912575 0.467995 0.921860 0.451489 0.956757 0.471118 0.0547
0 0.229768 0.187250 0.221655 0.146685 0.254457 0.140124 0.262570 0.180689 0.1070
0 0.975839 0.334189 0.961945 0.329285 0.966032 0.317706 0.979926 0.322610 0.0543
0 0.183018 0.356395 0.176007 0.354993 0.177759 0.346229 0.184771 0.347631 0.0613
0 0.451823 0.686198 0.429688 0.686198 0.429688 0.667969 0.451823 0.667969 0.1726
0 0.929421 0.402024 0.892263 0.398646 0.893982 0.379744 0.931139 0.383122 0.0687
0 0.978516 0.337891 0.966797 0.326172 0.977214 0.315755 0.988932 0.327474 0.0726
0 0.944856 0.490442 0.907008 0.466582 0.940465 0.413512 0.978313 0.437372 0.4225
0 0.981771 0.335286 0.968750 0.335286 0.968750 0.320312 0.981771 0.320312 0.0812
0 0.928840 0.401312 0.886603 0.397585 0.888561 0.375392 0.930799 0.379119 0.0735
0 0.881900 0.387485 0.847403 0.374070 0.857239 0.348779 0.891735 0.362194 0.0730
0 0.884896 0.389583 0.846615 0.376823 0.851172 0.363151 0.889453 0.375911 0.1330
0 0.154232 0.324023 0.151432 0.315625 0.167448 0.310286 0.170247 0.318685 0.0613
0 0.963542 0.408203 0.947266 0.408203 0.947266 0.386068 0.963542 0.386068 0.1004
0 0.188802 0.854167 0.164062 0.854167 0.164062 0.826823 0.188802 0.826823 0.0674
0 0.944954 0.490417 0.907267 0.466863 0.919008 0.448078 0.956695 0.471632 0.0968
0 0.338542 0.397135 0.328125 0.397135 0.328125 0.384115 0.338542 0.384115 0.0748
0 0.149089 0.327474 0.145155 0.318428 0.167057 0.308905 0.170990 0.317952 0.1831
0 0.993690 0.337590 0.972376 0.334926 0.974149 0.320743 0.995463 0.323408 0.0561
0 0.991247 0.339763 0.968692 0.333447 0.973087 0.317751 0.995642 0.324066 0.0534
0 0.939640 0.329950 0.910670 0.324519 0.913935 0.307105 0.942905 0.312537 0.4887
0 0.963968 0.423292 0.939810 0.395683 0.964239 0.374309 0.988396 0.401917 0.4833
0 0.975651 0.338021 0.967969 0.322656 0.978906 0.317188 0.986589 0.332552 0.0521
0 0.995443 0.331380 0.983724 0.331380 0.983724 0.324219 0.995443 0.324219 0.0601
0 0.791245 0.285539 0.783127 0.283510 0.785156 0.275391 0.793275 0.277420 0.1506
0 0.882812 0.345052 0.881510 0.345052 0.881510 0.339844 0.882812 0.339844 0.0876
0 0.975442 0.334096 0.965126 0.327748 0.971854 0.316814 0.982170 0.323163 0.1158
0 0.983724 0.335286 0.969401 0.335286 0.969401 0.319010 0.983724 0.319010 0.0861
0 0.804935 0.293807 0.783499 0.280707 0.789952 0.270147 0.811388 0.283247 0.3667
0 0.948534 0.489011 0.906654 0.471062 0.914399 0.452990 0.956279 0.470939 0.3326
0 0.569010 0.968099 0.566146 0.962370 0.574479 0.958203 0.577344 0.963932 0.0830
0 0.927692 0.467923 0.917962 0.427054 0.948386 0.419810 0.958117 0.460679 0.0738
0 0.927924 0.401512 0.886489 0.393620 0.890267 0.373785 0.931702 0.381677 0.0668
0 0.992297 0.336900 0.955006 0.334414 0.956055 0.318685 0.993346 0.321171 0.2355
0 0.924045 0.411109 0.846841 0.374870 0.859162 0.348619 0.936367 0.384858 0.4618
0 0.569010 0.968099 0.566146 0.962370 0.574219 0.958333 0.577083 0.964063 0.1147
0 0.942058 0.459011 0.940389 0.418933 0.956257 0.418272 0.957927 0.458350 0.1267
0 0.979411 0.334795 0.957483 0.333952 0.958051 0.319200 0.979978 0.320043 0.0552
0 0.208395 0.177805 0.201426 0.151668 0.224604 0.145488 0.231574 0.171624 0.0595
0 0.992839 0.335938 0.976562 0.335938 0.976562 0.324219 0.992839 0.324219 0.2554
0 0.162760 0.345703 0.152995 0.345703 0.152995 0.336589 0.162760 0.336589 0.0546
0 0.167067 0.864633 0.160106 0.829828 0.187650 0.824319 0.194611 0.859125 0.1506
0 0.957357 0.336914 0.951497 0.331055 0.965820 0.316732 0.971680 0.322591 0.3126
0 0.943289 0.479564 0.933128 0.456340 0.944399 0.451409 0.954559 0.474633 0.0732
0 0.879665 0.388283 0.847075 0.374703 0.852333 0.362083 0.884924 0.375663 0.1798
0 0.926110 0.408384 0.847293 0.375770 0.857969 0.349970 0.936786 0.382584 0.0789
0 0.228809 0.182822 0.227236 0.145073 0.257782 0.143800 0.259355 0.181549 0.0794
0 0.903359 0.364531 0.884714 0.350547 0.912136 0.313984 0.930781 0.327969 0.4529
0 0.188202 0.854007 0.163437 0.852459 0.165094 0.825952 0.189858 0.827499 0.0624
0 0.877838 0.385996 0.847154 0.374949 0.851411 0.363123 0.882096 0.374169 0.1810
0 0.791862 0.286523 0.782487 0.283398 0.785352 0.274805 0.794727 0.277930 0.1539
0 0.963761 0.420602 0.960779 0.375879 0.974952 0.374934 0.977934 0.419657 0.0566
0 0.975729 0.334277 0.961859 0.325609 0.967748 0.316187 0.981617 0.324855 0.0575
0 0.937067 0.462855 0.927855 0.421821 0.949561 0.416949 0.958773 0.457982 0.3129
0 0.274740 0.773438 0.244792 0.743490 0.271484 0.716797 0.301432 0.746745 0.1206
0 0.877791 0.384009 0.847248 0.375583 0.850632 0.363317 0.881175 0.371742 0.0805
0 0.990635 0.339143 0.970853 0.335186 0.973633 0.321289 0.993414 0.325245 0.2301
0 0.924097 0.413002 0.883432 0.393865 0.894233 0.370915 0.934898 0.390051 0.2530
0 0.988284 0.339054 0.969313 0.332279 0.973982 0.319205 0.992953 0.325980 0.0792
0 0.938840 0.327972 0.910041 0.320772 0.913871 0.305453 0.942670 0.312653 0.0585
0 0.581781 0.809846 0.574104 0.781696 0.582752 0.779337 0.590430 0.807487 0.5248
0 0.154020 0.324567 0.150810 0.316005 0.167576 0.309717 0.170787 0.318279 0.0586
0 0.897358 0.359215 0.883886 0.344706 0.912628 0.318017 0.926100 0.332525 0.1277
0 0.807292 0.291667 0.799479 0.291667 0.799479 0.278646 0.807292 0.278646 0.2254
0 0.886925 0.388357 0.847256 0.378836 0.853497 0.352834 0.893165 0.362354 0.0747
0 0.904450 0.360017 0.883881 0.341734 0.923213 0.297486 0.943781 0.315769 0.1381
0 0.977213 0.421875 0.960286 0.421875 0.960286 0.375000 0.977213 0.375000 0.1561
0 0.991161 0.338478 0.970601 0.333543 0.974005 0.319360 0.994565 0.324295 0.0767
0 0.935244 0.464219 0.921752 0.463182 0.924621 0.425892 0.938113 0.426930 0.0660
0 0.790481 0.284630 0.782775 0.281741 0.785156 0.275391 0.792862 0.278280 0.0653
