0 0.974839 0.365617 0.938228 0.356465 0.954772 0.290288 0.991383 0.299441 0.0674
0 0.940351 0.230944 0.886296 0.221935 0.893880 0.176432 0.947934 0.185441 0.0597
0 0.204605 0.095338 0.170109 0.081923 0.194117 0.020188 0.228613 0.033603 0.0919
0 0.555547 0.818605 0.536630 0.813200 0.542846 0.791445 0.561763 0.796850 0.0659
0 0.176432 0.010417 0.159505 0.010417 0.159505 0.000000 0.176432 0.000000 0.0604
0 0.377926 0.436612 0.312307 0.414386 0.353392 0.293085 0.419012 0.315311 0.0710
0 0.345052 0.037109 0.251953 0.037109 0.251953 0.000000 0.345052 0.000000 0.0832
0 0.715125 0.327808 0.681874 0.267352 0.725435 0.243393 0.758686 0.303849 0.1706
0 0.174479 0.010417 0.129557 0.010417 0.129557 0.000000 0.174479 0.000000 0.2041
0 0.990885 0.242839 0.952474 0.242839 0.952474 0.191406 0.990885 0.191406 0.0747
0 0.549590 0.638082 0.540377 0.605837 0.553103 0.602201 0.562316 0.634446 0.0746
0 0.736931 0.317827 0.701101 0.315588 0.703490 0.277367 0.739320 0.279606 0.0702
0 0.511854 0.988429 0.508930 0.978196 0.526300 0.973234 0.529223 0.983466 0.0711
