0 0.003564 0.847836 0.000000 0.811386 0.011257 0.808202 0.018851 0.844651 0.1522
0 0.086789 0.895020 0.034053 0.867101 0.044061 0.848197 0.096798 0.876116 0.2595
0 0.274455 0.711476 0.264333 0.678582 0.287437 0.671474 0.297558 0.704367 0.0614
0 0.212797 0.933308 0.209831 0.914032 0.251268 0.907657 0.254234 0.926933 0.1035
0 0.331809 0.903669 0.315698 0.878351 0.349736 0.856690 0.365847 0.882008 0.1026
0 0.151525 0.519739 0.125695 0.519093 0.126772 0.476005 0.152602 0.476650 0.0734
0 0.116902 0.434864 0.095814 0.408505 0.104468 0.401582 0.125556 0.427941 0.1243
0 0.026042 0.802083 0.000000 0.802083 0.000000 0.761719 0.026042 0.761719 0.0947
0 0.088851 0.859843 0.043620 0.854818 0.048971 0.806657 0.094203 0.811682 0.2114
0 0.037923 0.848538 0.000000 0.842413 0.000063 0.800334 0.043814 0.806459 0.0548
0 0.127945 0.523665 0.122115 0.489520 0.149487 0.484847 0.155316 0.518992 0.0608
0 0.149141 0.504892 0.123170 0.500563 0.129100 0.464985 0.155071 0.469313 0.1277
0 0.024686 0.501218 0.009865 0.497924 0.017647 0.462906 0.032468 0.466199 0.0606
0 0.145833 0.060547 0.136068 0.060547 0.136068 0.034505 0.145833 0.034505 0.0544
0 0.149680 0.509950 0.124296 0.506964 0.128633 0.470096 0.154017 0.473083 0.0779
0 0.211352 0.930349 0.210570 0.913132 0.252269 0.911237 0.253051 0.928454 0.1154
0 0.149924 0.509604 0.124775 0.507928 0.127140 0.472452 0.152289 0.474128 0.1072
0 0.068611 0.765212 0.033428 0.762280 0.034640 0.747733 0.069823 0.750665 0.8241
0 0.089915 0.840541 0.049233 0.835755 0.052703 0.806254 0.093386 0.811040 0.1953
0 0.361979 0.889974 0.324219 0.889974 0.324219 0.870443 0.361979 0.870443 0.2377
0 0.070266 0.741355 0.000000 0.727644 0.000583 0.700601 0.075233 0.714313 0.0761
0 0.149740 0.505859 0.115885 0.505859 0.115885 0.477865 0.149740 0.477865 0.1745
0 0.117839 0.436849 0.094945 0.409377 0.105063 0.400946 0.127956 0.428417 0.0950
0 0.052474 0.797656 0.043750 0.780209 0.072135 0.766016 0.080859 0.783464 0.1143
0 0.086746 0.895049 0.033323 0.866557 0.052065 0.831414 0.105489 0.859907 0.1516
0 0.025100 0.500659 0.009934 0.497289 0.018022 0.460892 0.033188 0.464262 0.0681
0 0.025341 0.501552 0.010066 0.498498 0.017603 0.460812 0.032878 0.463867 0.0980
0 0.122555 0.501964 0.082002 0.490812 0.089559 0.463333 0.130112 0.474485 0.1864
0 0.025281 0.789538 0.009846 0.764842 0.027168 0.754016 0.042603 0.778712 0.1796
0 0.132864 0.120906 0.112503 0.115289 0.130344 0.050617 0.150705 0.056233 0.1428
0 0.069361 0.741737 0.000000 0.726913 0.000576 0.700245 0.074695 0.715069 0.1526
0 0.328255 0.909896 0.317057 0.876302 0.336784 0.869726 0.347982 0.903320 0.0790
0 0.360179 0.891314 0.338427 0.885876 0.342793 0.868413 0.364545 0.873851 0.1031
0 0.150391 0.510417 0.125651 0.510417 0.125651 0.480469 0.150391 0.480469 0.1289
0 0.000610 0.831088 0.000000 0.807333 0.043872 0.804809 0.045217 0.828563 0.0576
0 0.042969 0.825521 0.000000 0.825521 0.000000 0.788411 0.042969 0.788411 0.0604
0 0.151402 0.519851 0.124716 0.518716 0.126689 0.472354 0.153375 0.473490 0.0518
0 0.162109 0.037760 0.138021 0.037760 0.138021 0.000000 0.162109 0.000000 0.1293
0 0.149318 0.507669 0.124695 0.505617 0.127609 0.470649 0.152231 0.472701 0.4101
0 0.124503 0.524200 0.118505 0.487355 0.149303 0.482342 0.155301 0.519186 0.0678
0 0.117556 0.503894 0.114826 0.470226 0.155347 0.466941 0.158077 0.500609 0.0919
0 0.025391 0.802083 0.000000 0.802083 0.000000 0.761719 0.025391 0.761719 0.1799
0 0.130924 0.491081 0.124674 0.472331 0.164128 0.459180 0.170378 0.477930 0.0780
0 0.042007 0.828469 0.000000 0.823793 0.000029 0.800510 0.044458 0.805187 0.0696
0 0.112695 0.465299 0.090234 0.457813 0.096094 0.440234 0.118555 0.447721 0.1293
0 0.125039 0.522165 0.120848 0.491147 0.148876 0.487360 0.153068 0.518378 0.1097
0 0.027033 0.501182 0.011809 0.499279 0.016807 0.459295 0.032031 0.461198 0.8118
0 0.018229 0.845052 0.000000 0.845052 0.000000 0.806641 0.018229 0.806641 0.0900
0 0.047685 0.802210 0.010051 0.772104 0.022945 0.755986 0.060579 0.786093 0.2511
0 0.211629 0.931475 0.210080 0.912886 0.252375 0.909362 0.253924 0.927950 0.1101
0 0.341146 0.902344 0.322266 0.902344 0.322266 0.873047 0.341146 0.873047 0.1358
0 0.116779 0.491831 0.112414 0.468915 0.156959 0.460430 0.161324 0.483346 0.0773
0 0.106042 0.421120 0.096198 0.407995 0.104010 0.402135 0.113854 0.415260 0.0722
0 0.052386 0.799535 0.043900 0.779735 0.074387 0.766669 0.082873 0.786470 0.0645
0 0.089193 0.852865 0.051141 0.829246 0.070283 0.798406 0.108335 0.822024 0.1574
0 0.090171 0.841888 0.047864 0.836812 0.051588 0.805774 0.093896 0.810851 0.1323
0 0.325669 0.907932 0.318934 0.875941 0.340754 0.871348 0.347489 0.903338 0.1022
0 0.025391 0.802734 0.000000 0.802734 0.000000 0.761719 0.025391 0.761719 0.8214
0 0.139407 0.120256 0.118393 0.118154 0.124355 0.058529 0.145369 0.060631 0.1263
0 0.133670 0.121140 0.115196 0.117034 0.128784 0.055890 0.147258 0.059995 0.8620
0 0.155485 0.468429 0.092836 0.462981 0.094576 0.442978 0.157225 0.448426 0.8356
0 0.155549 0.472256 0.117738 0.464694 0.121870 0.444036 0.159681 0.451598 0.1629
0 0.149791 0.508888 0.124374 0.507393 0.126381 0.473274 0.151798 0.474769 0.1617
0 0.046739 0.800495 0.010391 0.769887 0.023965 0.753768 0.060313 0.784377 0.0886
0 0.024740 0.500000 0.013672 0.500000 0.013672 0.476562 0.024740 0.476562 0.0519
0 0.117917 0.436953 0.096198 0.407995 0.106302 0.400417 0.128021 0.429375 0.7989
0 0.069236 0.742363 0.000000 0.727539 0.000551 0.700371 0.074669 0.715194 0.8889
0 0.224032 0.927608 0.223784 0.923636 0.243320 0.922415 0.243568 0.926387 0.0507
0 0.251708 0.929811 0.211971 0.928675 0.212416 0.913082 0.252153 0.914217 0.1341
0 0.027344 0.845052 0.000000 0.845052 0.000000 0.800781 0.027344 0.800781 0.0844
0 0.151042 0.510417 0.126302 0.510417 0.126302 0.476562 0.151042 0.476562 0.1269
0 0.020182 0.500000 0.016276 0.500000 0.016276 0.496094 0.020182 0.496094 0.0551
0 0.065755 0.763021 0.033854 0.763021 0.033854 0.748698 0.065755 0.748698 0.1008
0 0.026680 0.500742 0.011367 0.498555 0.016979 0.459271 0.032292 0.461458 0.1907
0 0.120087 0.501940 0.080521 0.484355 0.091018 0.460736 0.130584 0.478321 0.1566
0 0.047914 0.802063 0.010651 0.772784 0.023099 0.756942 0.060362 0.786220 0.8485
0 0.244792 0.470052 0.219401 0.470052 0.219401 0.447917 0.244792 0.447917 0.1572
0 0.213172 0.933330 0.209987 0.914221 0.251161 0.907359 0.254346 0.926467 0.1106
0 0.150648 0.512055 0.124976 0.510985 0.126531 0.473669 0.152203 0.474739 0.0963
0 0.052830 0.799537 0.011087 0.774491 0.021599 0.756970 0.063343 0.782016 0.1107
0 0.212160 0.932302 0.209786 0.913311 0.251773 0.908063 0.254147 0.927053 0.1045
0 0.125340 0.513136 0.124290 0.480597 0.150305 0.479758 0.151354 0.512297 0.1163
0 0.052707 0.798413 0.010972 0.775940 0.020651 0.757965 0.062387 0.780438 0.1677
0 0.149804 0.509712 0.124915 0.507450 0.128132 0.472053 0.153021 0.474316 0.1150
0 0.212503 0.932702 0.209635 0.914063 0.251366 0.907642 0.254234 0.926282 0.1033
0 0.118260 0.502221 0.080641 0.478282 0.091605 0.461052 0.129224 0.484992 0.7313
0 0.151042 0.511719 0.126302 0.511719 0.126302 0.475911 0.151042 0.475911 0.0954
0 0.029011 0.729135 0.000000 0.725649 0.000167 0.702926 0.031536 0.706412 0.0523
0 0.003355 0.847506 0.000000 0.811949 0.011143 0.808969 0.018254 0.844526 0.1267
0 0.000499 0.845540 0.000000 0.807315 0.015944 0.806777 0.017177 0.845002 0.1023
0 0.015625 0.843099 0.012370 0.843099 0.012370 0.835286 0.015625 0.835286 0.0932
0 0.214684 0.662703 0.210915 0.630670 0.229538 0.628480 0.233306 0.660512 0.1732
0 0.214569 0.934356 0.210615 0.915378 0.249820 0.907210 0.253774 0.926189 0.1911
0 0.055990 0.802734 0.000000 0.802734 0.000000 0.761719 0.055990 0.761719 0.0638
0 0.160156 0.038411 0.138021 0.038411 0.138021 0.003906 0.160156 0.003906 0.1654
0 0.003280 0.847131 0.000000 0.811949 0.010892 0.809020 0.017929 0.844201 0.5584
0 0.360833 0.893437 0.318906 0.887448 0.322031 0.865573 0.363958 0.871562 0.0595
0 0.214599 0.662636 0.210840 0.630679 0.229538 0.628480 0.233297 0.660436 0.1724
0 0.213630 0.934122 0.210322 0.914274 0.250546 0.907570 0.253853 0.927418 0.0990
0 0.125113 0.501853 0.088523 0.492096 0.095039 0.467661 0.131629 0.477419 0.1322
0 0.137806 0.086030 0.132546 0.043068 0.142691 0.041826 0.147951 0.084788 0.0850
0 0.122817 0.510800 0.119952 0.474987 0.151210 0.472487 0.154075 0.508299 0.0636
0 0.337571 0.906845 0.312346 0.884347 0.338008 0.855574 0.363234 0.878072 0.0948
0 0.085047 0.862686 0.070313 0.817708 0.088144 0.811867 0.102878 0.856845 0.0554
0 0.328965 0.909252 0.317549 0.877289 0.334211 0.871338 0.345627 0.903301 0.0911
0 0.236771 0.929756 0.210385 0.928107 0.211383 0.912137 0.237770 0.913786 0.0926
0 0.069255 0.765207 0.033174 0.762802 0.034194 0.747505 0.070275 0.749911 0.1915
0 0.212197 0.932184 0.209754 0.913452 0.251781 0.907971 0.254225 0.926702 0.1133
0 0.150391 0.511068 0.125651 0.511068 0.125651 0.480469 0.150391 0.480469 0.1398
0 0.019313 0.813014 0.000000 0.777942 0.010800 0.765583 0.036307 0.800654 0.0899
0 0.092448 0.472005 0.088542 0.472005 0.088542 0.467448 0.092448 0.467448 0.0517
0 0.046033 0.842046 0.000000 0.814983 0.010303 0.788963 0.060157 0.816027 0.0523
0 0.160807 0.037760 0.138672 0.037760 0.138672 0.000000 0.160807 0.000000 0.8103
0 0.085476 0.860354 0.066818 0.817813 0.087739 0.808638 0.106397 0.851178 0.0583
0 0.213867 0.933268 0.210161 0.914739 0.250726 0.906626 0.254432 0.925155 0.0803
0 0.336878 0.906476 0.313732 0.881883 0.341797 0.855469 0.364943 0.880061 0.1100
0 0.324951 0.907576 0.319203 0.875004 0.341301 0.871105 0.347049 0.903676 0.1095
0 0.275888 0.710700 0.265146 0.677132 0.286713 0.670231 0.297455 0.703799 0.1004
0 0.090368 0.840595 0.048024 0.835613 0.051570 0.805470 0.093914 0.810451 0.1057
0 0.041016 0.845703 0.000000 0.845703 0.000000 0.806641 0.041016 0.806641 0.0614
0 0.045295 0.802286 0.008410 0.771548 0.022125 0.755091 0.059010 0.785829 0.2259
0 0.119593 0.502771 0.115981 0.470259 0.158497 0.465534 0.162109 0.498047 0.0697
0 0.029948 0.497396 0.013672 0.497396 0.013672 0.459635 0.029948 0.459635 0.0649
0 0.214569 0.934356 0.210615 0.915378 0.249950 0.907183 0.253904 0.926161 0.2284
0 0.034087 0.863297 0.028836 0.818954 0.090430 0.811660 0.095681 0.856003 0.0514
0 0.070180 0.741593 0.000000 0.727597 0.000626 0.700435 0.075273 0.714431 0.0700
0 0.160807 0.038411 0.138672 0.038411 0.138672 0.000000 0.160807 0.000000 0.1699
0 0.159799 0.036016 0.140106 0.034858 0.142217 0.000000 0.161910 0.000141 0.1809
0 0.090474 0.889408 0.036818 0.888866 0.037601 0.811361 0.091257 0.811903 0.8202
0 0.155044 0.467580 0.092992 0.463577 0.094317 0.443039 0.156369 0.447042 0.1791
0 0.114894 0.491539 0.110409 0.467995 0.157977 0.458935 0.162461 0.482479 0.0611
0 0.062292 0.804226 0.047613 0.793409 0.062225 0.773578 0.076905 0.784394 0.0800
0 0.160807 0.037109 0.138672 0.037109 0.138672 0.000000 0.160807 0.000000 0.1676
