0 0.183559 0.775179 0.179775 0.752481 0.200890 0.748962 0.204673 0.771660 0.1037
0 0.905485 0.519741 0.878662 0.481421 0.891071 0.472735 0.917895 0.511055 0.2788
0 0.537857 0.686362 0.489583 0.660156 0.498662 0.643433 0.546936 0.669639 0.0884
0 0.820913 0.480869 0.785306 0.457131 0.791116 0.448417 0.826723 0.472155 0.1983
0 0.490951 0.828971 0.479167 0.793620 0.493815 0.788737 0.505599 0.824089 0.3980
0 0.758617 0.648423 0.727140 0.641159 0.733351 0.614247 0.764828 0.621511 0.1328
0 0.888346 0.528320 0.860043 0.503669 0.871745 0.490234 0.900048 0.514885 0.1876
0 0.711998 0.668661 0.672205 0.660134 0.681142 0.618429 0.720935 0.626956 0.0588
0 0.141135 0.487329 0.113554 0.465493 0.127349 0.448067 0.154931 0.469903 0.0755
0 0.665234 0.649479 0.649349 0.617708 0.658984 0.612891 0.674870 0.644662 0.0900
0 0.797605 0.638925 0.795251 0.573021 0.823675 0.572006 0.826029 0.637910 0.1723
0 0.085938 0.337891 0.061198 0.337891 0.061198 0.327474 0.085938 0.327474 0.1941
0 0.762444 0.564499 0.761548 0.540323 0.805542 0.538693 0.806437 0.562869 0.1523
0 0.975781 0.462630 0.960156 0.431380 0.970573 0.426172 0.986198 0.457422 0.1963
0 0.823633 0.536914 0.800977 0.529362 0.814453 0.488932 0.837109 0.496484 0.1321
0 0.160805 0.464141 0.147258 0.451636 0.173591 0.423108 0.187138 0.435613 0.2440
0 0.792234 0.640438 0.784815 0.566245 0.820267 0.562700 0.827687 0.636893 0.2032
0 0.981537 0.481428 0.965233 0.451877 0.976386 0.445724 0.992690 0.475275 0.1408
0 0.678106 0.666881 0.668642 0.628236 0.687143 0.623706 0.696607 0.662350 0.0876
0 0.377604 0.687500 0.360677 0.687500 0.360677 0.652995 0.377604 0.652995 0.0613
0 0.059322 0.051749 0.047631 0.003526 0.084022 0.000000 0.095713 0.042927 0.1143
0 0.892259 0.517811 0.867878 0.489679 0.878883 0.480142 0.903264 0.508273 0.1599
0 0.723555 0.652260 0.703873 0.646961 0.714679 0.606827 0.734361 0.612126 0.1574
0 0.949610 0.586719 0.919922 0.527344 0.939453 0.517578 0.969141 0.576953 0.1439
0 0.277344 0.637370 0.233073 0.637370 0.233073 0.621094 0.277344 0.621094 0.1092
0 0.197355 0.492685 0.187867 0.457107 0.201847 0.453379 0.211335 0.488957 0.0578
0 0.745443 0.570312 0.688151 0.570312 0.688151 0.555990 0.745443 0.555990 0.2812
0 0.154833 0.473563 0.128287 0.472501 0.129018 0.454249 0.155564 0.455311 0.0941
0 0.215074 0.552697 0.193950 0.520307 0.205607 0.512704 0.226732 0.545095 0.0510
0 0.144172 0.200925 0.131510 0.169271 0.143521 0.164467 0.156183 0.196121 0.3417
0 0.469140 0.665744 0.456277 0.660710 0.470916 0.623300 0.483778 0.628333 0.0861
0 0.114217 0.477414 0.112137 0.460085 0.135910 0.457233 0.137989 0.474561 0.0620
0 0.214491 0.550871 0.192667 0.510339 0.204430 0.504005 0.226255 0.544537 0.0814
0 0.688542 0.665495 0.672786 0.633984 0.683724 0.628516 0.699479 0.660026 0.1995
0 0.729167 0.641276 0.715625 0.634505 0.734766 0.596224 0.748307 0.602995 0.1582
0 0.576555 0.691828 0.562251 0.667988 0.570389 0.663105 0.584693 0.686945 0.2348
0 0.862943 0.460980 0.846944 0.432181 0.855733 0.427298 0.871733 0.456098 0.1401
0 0.813340 0.547238 0.785876 0.521183 0.818600 0.486690 0.846064 0.512746 0.0641
0 0.741958 0.644148 0.722809 0.639361 0.732805 0.599380 0.751953 0.604167 0.1575
0 0.672976 0.669794 0.649887 0.617845 0.662633 0.612181 0.685721 0.664130 0.2810
0 0.510023 0.644226 0.497847 0.643806 0.498815 0.615755 0.510990 0.616175 0.0534
0 0.901678 0.373619 0.893681 0.330970 0.904688 0.328906 0.912684 0.371556 0.1089
0 0.723177 0.646094 0.708594 0.638802 0.730599 0.594792 0.745182 0.602083 0.1858
0 0.645833 0.613281 0.625977 0.593424 0.634440 0.584961 0.654297 0.604818 0.0928
0 0.866561 0.541792 0.864258 0.530273 0.906200 0.521885 0.908504 0.533403 0.2700
0 0.468974 0.664624 0.455303 0.658764 0.470860 0.622463 0.484532 0.628323 0.0950
0 0.502464 0.652268 0.492074 0.648419 0.502110 0.621321 0.512500 0.625169 0.0814
0 0.164714 0.688151 0.132161 0.688151 0.132161 0.668620 0.164714 0.668620 0.1891
0 0.807743 0.641995 0.797269 0.602002 0.816112 0.597067 0.826587 0.637060 0.1997
0 0.159902 0.464510 0.147040 0.454221 0.168509 0.427385 0.181371 0.437675 0.1193
0 0.515830 0.667290 0.483405 0.665263 0.484101 0.654117 0.516527 0.656144 0.1728
0 0.150925 0.477938 0.127382 0.463550 0.133594 0.453385 0.157137 0.467773 0.2147
0 0.949999 0.362873 0.933064 0.321476 0.941835 0.317888 0.958770 0.359285 0.1256
0 0.966343 0.594955 0.906037 0.549318 0.926561 0.522198 0.986866 0.567834 0.3429
0 0.407500 0.897500 0.389297 0.873229 0.400547 0.864792 0.418750 0.889063 0.2262
0 0.868545 0.536606 0.867803 0.517304 0.907708 0.515769 0.908450 0.535072 0.1211
0 0.813376 0.530038 0.799906 0.524650 0.815216 0.486373 0.828686 0.491761 0.0868
0 0.131380 0.478125 0.110807 0.467839 0.115755 0.457943 0.136328 0.468229 0.0850
0 0.677941 0.667233 0.656296 0.641981 0.675329 0.625666 0.696975 0.650919 0.0542
0 0.970748 0.485138 0.957907 0.453035 0.969805 0.448276 0.982646 0.480379 0.1472
0 0.818963 0.551043 0.796981 0.543193 0.809855 0.507147 0.831837 0.514998 0.1067
0 0.991536 0.409505 0.982422 0.409505 0.982422 0.393880 0.991536 0.393880 0.1082
0 0.491470 0.828267 0.479209 0.794551 0.492957 0.789552 0.505218 0.823268 0.0602
0 0.673850 0.666215 0.672978 0.632200 0.692797 0.631692 0.693669 0.665707 0.0975
0 0.165365 0.688151 0.132161 0.688151 0.132161 0.667318 0.165365 0.667318 0.0655
0 0.239453 0.502344 0.219010 0.461458 0.229427 0.456250 0.249870 0.497135 0.3336
0 0.235547 0.504297 0.216146 0.465495 0.230729 0.458203 0.250130 0.497005 0.0560
0 0.270182 0.718099 0.242188 0.690104 0.254883 0.677409 0.282878 0.705404 0.0630
0 0.560547 0.636068 0.548177 0.636068 0.548177 0.608073 0.560547 0.608073 0.0510
0 0.106120 0.549479 0.093099 0.549479 0.093099 0.529297 0.106120 0.529297 0.0699
0 0.551429 0.687859 0.482916 0.664420 0.489050 0.646490 0.557563 0.669929 0.1161
0 0.142643 0.200065 0.132161 0.168620 0.144466 0.164518 0.154948 0.195964 0.0664
0 0.884564 0.522863 0.861161 0.497332 0.872659 0.486792 0.896062 0.512323 0.1509
0 0.073568 0.192708 0.044271 0.192708 0.044271 0.173177 0.073568 0.173177 0.2227
0 0.813694 0.556048 0.780336 0.540760 0.798153 0.501888 0.831510 0.517176 0.0673
0 0.977674 0.464413 0.957762 0.438812 0.968489 0.430469 0.988401 0.456070 0.1419
0 0.678481 0.581974 0.658720 0.549039 0.667145 0.543984 0.686907 0.576919 0.2774
0 0.204427 0.494141 0.192057 0.494141 0.192057 0.454427 0.204427 0.454427 0.3054
0 0.269857 0.719076 0.240560 0.689779 0.254232 0.676107 0.283529 0.705404 0.3747
0 0.774088 0.999349 0.745443 0.999349 0.745443 0.984375 0.774088 0.984375 0.2634
0 0.469116 0.667211 0.456345 0.662422 0.470980 0.623395 0.483751 0.628184 0.0771
0 0.165365 0.688151 0.132161 0.688151 0.132161 0.667969 0.165365 0.667969 0.0676
0 0.791151 0.601710 0.780562 0.564650 0.792944 0.561112 0.803533 0.598172 0.1311
0 0.896841 0.537946 0.863956 0.520789 0.873277 0.502922 0.906162 0.520080 0.1099
0 0.107443 0.564037 0.098798 0.556833 0.116995 0.534996 0.125640 0.542200 0.2059
0 0.810874 0.512525 0.804335 0.444231 0.831883 0.441594 0.838422 0.509888 0.0598
0 0.165139 0.465320 0.149364 0.462164 0.156050 0.428736 0.171825 0.431891 0.0776
0 0.558525 0.635659 0.548708 0.635352 0.549567 0.607852 0.559385 0.608159 0.1279
0 0.266946 0.650142 0.230947 0.628542 0.242436 0.609394 0.278435 0.630993 0.3428
0 0.748047 0.570312 0.692057 0.570312 0.692057 0.555339 0.748047 0.555339 0.0688
0 0.804003 0.567765 0.785652 0.556970 0.802003 0.529173 0.820354 0.539968 0.1141
0 0.791257 0.603766 0.778966 0.564435 0.791199 0.560612 0.803490 0.599943 0.1796
0 0.327474 0.678385 0.317057 0.678385 0.317057 0.628906 0.327474 0.628906 0.1054
0 0.362305 0.953451 0.352865 0.944010 0.373372 0.923503 0.382813 0.932943 0.0642
0 0.822917 0.624349 0.807579 0.621225 0.815728 0.581218 0.831066 0.584342 0.1096
0 0.895182 0.415365 0.887370 0.415365 0.887370 0.388021 0.895182 0.388021 0.1118
0 0.505556 0.648653 0.494666 0.645168 0.502686 0.620104 0.513577 0.623589 0.0636
0 0.528045 0.615823 0.519726 0.589944 0.527481 0.587451 0.535800 0.613330 0.1802
0 0.377604 0.687500 0.362630 0.687500 0.362630 0.652995 0.377604 0.652995 0.2071
0 0.521234 0.633413 0.503606 0.606971 0.511418 0.601763 0.529046 0.628205 0.2074
0 0.442057 0.839844 0.428385 0.839844 0.428385 0.822266 0.442057 0.822266 0.2089
0 0.216305 0.551935 0.191448 0.511543 0.203108 0.504367 0.227965 0.544760 0.3704
0 0.073536 0.052436 0.042211 0.014846 0.053674 0.005294 0.084998 0.042883 0.1296
0 0.885860 0.520041 0.862133 0.490730 0.874587 0.480648 0.898314 0.509958 0.1277
0 0.071719 0.052656 0.041719 0.012656 0.054427 0.003125 0.084427 0.043125 0.1128
0 0.971642 0.465067 0.953513 0.435608 0.967571 0.426958 0.985699 0.456417 0.1428
0 0.605721 0.664019 0.604971 0.637040 0.659635 0.635522 0.660384 0.662501 0.0746
0 0.888672 0.526042 0.861979 0.499349 0.874023 0.487305 0.900716 0.513997 0.1314
0 0.641558 0.715224 0.601341 0.646976 0.728742 0.571900 0.768960 0.640148 0.1109
0 0.185417 0.032943 0.176172 0.014453 0.182943 0.011068 0.192188 0.029557 0.1609
0 0.777253 0.580183 0.757584 0.555745 0.814120 0.510240 0.833790 0.534678 0.1025
0 0.246094 0.754557 0.234766 0.731901 0.247005 0.725781 0.258333 0.748438 0.2282
0 0.697398 0.660683 0.681099 0.618772 0.693227 0.614056 0.709526 0.655967 0.2408
0 0.677589 0.702127 0.665139 0.692345 0.690034 0.660659 0.702484 0.670441 0.0948
0 0.607243 0.666957 0.603981 0.653256 0.653769 0.641402 0.657031 0.655103 0.2717
0 0.969391 0.484348 0.950981 0.436023 0.973912 0.427287 0.992322 0.475612 0.1770
0 0.746198 0.644527 0.732110 0.631523 0.751504 0.610513 0.765592 0.623517 0.1363
0 0.829427 0.616536 0.813802 0.616536 0.813802 0.570312 0.829427 0.570312 0.2152
0 0.722012 0.654048 0.700521 0.649089 0.710506 0.605820 0.731998 0.610779 0.1031
0 0.894081 0.366837 0.859776 0.359976 0.861779 0.349960 0.896084 0.356821 0.1679
0 0.521589 0.634193 0.501216 0.609119 0.509844 0.602109 0.530216 0.627183 0.0840
0 0.813652 0.641515 0.795508 0.600958 0.813038 0.593115 0.831182 0.633672 0.1501
0 0.554102 0.684701 0.511328 0.670443 0.516016 0.656380 0.558789 0.670638 0.2811
0 0.976982 0.457224 0.960485 0.430417 0.967750 0.425946 0.984246 0.452753 0.1208
0 0.229427 0.488411 0.219922 0.459896 0.231055 0.456185 0.240560 0.484701 0.0630
0 0.825832 0.471464 0.801265 0.449968 0.808444 0.441763 0.833011 0.463259 0.1001
0 0.075195 0.051758 0.039388 0.015951 0.053060 0.002279 0.088867 0.038086 0.2502
0 0.719420 0.671097 0.690149 0.636808 0.735928 0.597727 0.765200 0.632016 0.1069
0 0.673874 0.671031 0.657886 0.637280 0.675098 0.629127 0.691085 0.662878 0.0971
0 0.754449 0.650539 0.729508 0.640378 0.741203 0.611674 0.766143 0.621835 0.0595
0 0.676663 0.703192 0.665165 0.694194 0.690567 0.661735 0.702065 0.670734 0.2570
0 0.946615 0.397135 0.931315 0.381836 0.954427 0.358724 0.969727 0.374023 0.1157
0 0.788829 0.604326 0.778068 0.566664 0.792514 0.562537 0.803275 0.600199 0.1535
0 0.745047 0.659700 0.714061 0.642348 0.735377 0.604285 0.766362 0.621637 0.0548
0 0.772098 0.570668 0.758683 0.560302 0.777983 0.535325 0.791398 0.545691 0.1334
0 0.130599 0.477083 0.110026 0.466797 0.115104 0.456641 0.135677 0.466927 0.0570
0 0.720964 0.649219 0.704037 0.640755 0.726953 0.594922 0.743880 0.603386 0.1567
0 0.685904 0.698310 0.670451 0.692664 0.686926 0.647577 0.702378 0.653223 0.0773
0 0.131665 0.477355 0.110946 0.468146 0.115187 0.458602 0.135907 0.467810 0.1195
0 0.967636 0.487402 0.950830 0.449588 0.964481 0.443520 0.981288 0.481335 0.2046
0 0.104445 0.549582 0.092297 0.548233 0.094401 0.529297 0.106549 0.530647 0.0714
0 0.731216 0.439445 0.718501 0.435293 0.736974 0.378719 0.749689 0.382870 0.1202
0 0.361979 0.953776 0.351563 0.943359 0.372396 0.922526 0.382813 0.932943 0.3216
0 0.988732 0.481420 0.970252 0.469101 0.975962 0.460537 0.994441 0.472857 0.1381
0 0.975076 0.466593 0.954431 0.446808 0.963429 0.437419 0.984074 0.457204 0.1390
0 0.816810 0.605039 0.811862 0.570404 0.825807 0.568411 0.830755 0.603047 0.1202
0 0.756863 0.648015 0.727981 0.639929 0.735250 0.613969 0.764132 0.622056 0.1738
0 0.497013 0.626087 0.480047 0.598517 0.488256 0.593465 0.505222 0.621035 0.1742
