0 0.552122 0.932850 0.540890 0.905574 0.548913 0.902271 0.560144 0.929547 0.0733
0 0.728240 0.885993 0.722731 0.858449 0.739133 0.855168 0.744641 0.882712 0.1203
0 0.445964 0.894531 0.438802 0.894531 0.438802 0.864583 0.445964 0.864583 0.0944
0 0.751926 0.412661 0.723351 0.411233 0.724741 0.383438 0.753315 0.384866 0.0510
0 0.744141 0.873047 0.729818 0.873047 0.729818 0.848958 0.744141 0.848958 0.0682
0 0.973207 0.061338 0.921509 0.053067 0.927941 0.012872 0.979638 0.021143 0.0519
0 0.761719 0.882812 0.746094 0.882812 0.746094 0.846354 0.761719 0.846354 0.5763
0 0.702015 0.780484 0.682253 0.775544 0.689645 0.745979 0.709406 0.750919 0.0800
0 0.549884 0.932052 0.540353 0.904822 0.550474 0.901280 0.560005 0.928510 0.0540
0 0.531250 0.819010 0.522786 0.810547 0.534505 0.798828 0.542969 0.807292 0.0964
0 0.446022 0.846305 0.429804 0.844953 0.431641 0.822917 0.447858 0.824268 0.0709
0 0.706745 0.818307 0.703424 0.795065 0.720195 0.792669 0.723516 0.815911 0.0622
0 0.823110 0.893370 0.789537 0.887774 0.793233 0.865604 0.826805 0.871199 0.0586
0 0.344901 0.145778 0.342281 0.122197 0.375365 0.118521 0.377985 0.142102 0.0581
0 0.549714 0.902285 0.547800 0.863030 0.562659 0.862305 0.564574 0.901560 0.0534
0 0.770812 0.892072 0.751264 0.884022 0.764005 0.853078 0.783554 0.861128 0.0852
0 0.551367 0.901768 0.548805 0.862490 0.562658 0.861587 0.565220 0.900864 0.0527
0 0.896189 0.745172 0.882346 0.741217 0.889937 0.714647 0.903781 0.718602 0.0981
0 0.798207 0.892989 0.770884 0.889573 0.774339 0.861929 0.801663 0.865345 0.1247
0 0.722545 0.873349 0.720386 0.853913 0.739035 0.851840 0.741195 0.871276 0.0510
0 0.727182 0.886215 0.722070 0.856816 0.739983 0.853701 0.745096 0.883099 0.0609
0 0.736498 0.881701 0.729287 0.855258 0.742838 0.851562 0.750050 0.878005 0.2377
0 0.797552 0.900157 0.762721 0.883212 0.776039 0.855837 0.810869 0.872782 0.0568
0 0.556901 0.897266 0.539974 0.888802 0.552604 0.863542 0.569531 0.872005 0.0522
0 0.807612 0.974854 0.786080 0.955855 0.792862 0.948168 0.814395 0.967167 0.1475
0 0.706768 0.420803 0.689355 0.377783 0.734613 0.359465 0.752026 0.402485 0.0716
0 0.728971 0.852930 0.717187 0.817578 0.739453 0.810156 0.751237 0.845508 0.1899
0 0.761068 0.874349 0.746745 0.874349 0.746745 0.845703 0.761068 0.845703 0.1474
0 0.825000 0.888412 0.812240 0.882031 0.819922 0.866667 0.832682 0.873047 0.0647
0 0.687500 0.421875 0.679688 0.421875 0.679688 0.404297 0.687500 0.404297 0.0611
0 0.761953 0.110365 0.754258 0.056497 0.778685 0.053008 0.786380 0.106875 0.0845
0 0.155823 0.702384 0.147607 0.681843 0.167475 0.673895 0.175691 0.694437 0.0500
0 0.270833 0.244141 0.248698 0.244141 0.248698 0.214193 0.270833 0.214193 0.0508
0 0.988549 0.865005 0.982230 0.839729 0.991575 0.837393 0.997894 0.862669 0.0997
0 0.742188 0.873047 0.724609 0.873047 0.724609 0.850260 0.742188 0.850260 0.0551
0 0.729780 0.882402 0.726915 0.850879 0.741942 0.849513 0.744808 0.881036 0.0557
0 0.751267 0.901482 0.747202 0.877094 0.763566 0.874367 0.767631 0.898754 0.0917
0 0.860289 0.682669 0.845443 0.635849 0.884256 0.623542 0.899101 0.670363 0.3062
0 0.824219 0.885417 0.798177 0.885417 0.798177 0.868490 0.824219 0.868490 0.1244
0 0.735148 0.879197 0.733142 0.853110 0.746883 0.852053 0.748889 0.878140 0.1784
0 0.817708 0.889974 0.774089 0.889974 0.774089 0.866536 0.817708 0.866536 0.0711
0 0.924720 0.432283 0.916212 0.409594 0.923846 0.406732 0.932354 0.429420 0.0536
0 0.730608 0.880508 0.728204 0.852863 0.743347 0.851547 0.745751 0.879191 0.0874
0 0.999349 0.222005 0.988932 0.222005 0.988932 0.203125 0.999349 0.203125 0.0967
0 0.752734 0.900781 0.746615 0.882422 0.759701 0.878060 0.765820 0.896419 0.0708
0 0.706396 0.817885 0.704342 0.795285 0.720661 0.793801 0.722715 0.816401 0.0641
0 0.705659 0.421222 0.690001 0.377932 0.735716 0.361397 0.751374 0.404686 0.0626
0 0.746745 0.884115 0.729167 0.884115 0.729167 0.854818 0.746745 0.854818 0.0706
0 0.705051 0.421645 0.689746 0.377529 0.738214 0.360714 0.753520 0.404830 0.5117
0 0.511068 0.210286 0.477865 0.210286 0.477865 0.169922 0.511068 0.169922 0.0575
0 0.576823 0.940104 0.569010 0.940104 0.569010 0.895833 0.576823 0.895833 0.1243
0 0.988932 0.863281 0.978386 0.842188 0.989583 0.836589 1.000000 0.857682 0.0861
