0 0.397945 0.056768 0.387548 0.024091 0.412056 0.016293 0.422453 0.048970 0.0605
0 0.729526 0.921628 0.720804 0.901277 0.738876 0.893532 0.747598 0.913883 0.1395
0 0.817383 0.987956 0.805990 0.976563 0.819987 0.962565 0.831380 0.973958 0.1614
0 0.803970 0.978577 0.790824 0.971347 0.800708 0.953377 0.813853 0.960608 0.1186
0 0.931237 0.870221 0.923138 0.813529 0.949388 0.809779 0.957487 0.866471 0.0587
0 0.087240 0.473958 0.078125 0.473958 0.078125 0.453776 0.087240 0.453776 0.0848
0 0.904902 0.878822 0.872631 0.864249 0.884345 0.838310 0.916616 0.852884 0.0742
0 0.804596 0.976297 0.785088 0.969330 0.794294 0.943554 0.813802 0.950521 0.1679
0 0.823060 1.000000 0.818565 0.983843 0.833477 0.979866 0.837972 0.996723 0.1314
0 0.079979 0.382284 0.054266 0.376570 0.058709 0.356579 0.084421 0.362293 0.0884
0 0.786797 0.958568 0.771094 0.937630 0.787031 0.925677 0.802734 0.946615 0.1391
0 0.727615 0.835355 0.704891 0.803274 0.733648 0.782904 0.756372 0.814985 0.3428
0 0.875659 0.928153 0.857414 0.918201 0.883663 0.870078 0.901908 0.880030 0.1994
0 0.807943 0.791667 0.798503 0.782227 0.812175 0.768555 0.821615 0.777995 0.2150
0 0.793875 0.973978 0.772576 0.936113 0.790936 0.925785 0.812235 0.963650 0.1586
0 0.988997 0.936393 0.962292 0.932578 0.964701 0.915716 0.991406 0.919531 0.0757
0 0.831380 0.785807 0.808594 0.785807 0.808594 0.765625 0.831380 0.765625 0.0854
0 0.370443 0.238281 0.348307 0.238281 0.348307 0.218099 0.370443 0.218099 0.0726
0 0.875659 0.928804 0.856912 0.918578 0.883310 0.870181 0.902058 0.880407 0.8862
0 0.955729 0.871745 0.927734 0.871745 0.927734 0.817057 0.955729 0.817057 0.0614
0 0.811529 0.792015 0.797787 0.783931 0.810908 0.761625 0.824651 0.769709 0.1079
0 0.742510 0.836115 0.722115 0.832406 0.730448 0.786573 0.750844 0.790281 0.2928
0 0.672656 0.909115 0.664453 0.892708 0.686589 0.881641 0.694792 0.898047 0.0967
0 0.976562 0.982422 0.926432 0.982422 0.926432 0.963542 0.976562 0.963542 0.0907
0 0.257100 0.088223 0.230440 0.078529 0.245476 0.037181 0.272135 0.046875 0.0669
0 0.828776 0.981120 0.821615 0.981120 0.821615 0.973958 0.828776 0.973958 0.2135
0 0.896468 0.890898 0.879226 0.867387 0.890290 0.859273 0.907531 0.882784 0.1079
0 0.683594 0.906250 0.661458 0.906250 0.661458 0.888021 0.683594 0.888021 0.1233
0 0.705078 0.901042 0.681641 0.901042 0.681641 0.887370 0.705078 0.887370 0.0749
0 0.792830 0.975429 0.768946 0.937215 0.787790 0.925438 0.811673 0.963651 0.1095
0 0.675498 0.905541 0.672611 0.887254 0.704705 0.882186 0.707593 0.900473 0.0936
0 0.945473 0.974629 0.924559 0.972015 0.925811 0.961999 0.946725 0.964613 0.0673
0 0.660616 0.909390 0.655676 0.889629 0.669309 0.886221 0.674249 0.905982 0.0950
0 0.909788 0.887302 0.872418 0.862693 0.888443 0.838359 0.925813 0.862968 0.0736
0 0.801758 0.976237 0.794922 0.969401 0.807617 0.956706 0.814453 0.963542 0.1719
0 0.826052 0.996304 0.811959 0.988251 0.823938 0.967288 0.838031 0.975341 0.1486
0 0.833984 0.787760 0.814453 0.787760 0.814453 0.770833 0.833984 0.770833 0.1262
0 0.901673 0.893544 0.873969 0.864053 0.887237 0.851589 0.914941 0.881080 0.0580
0 0.826497 1.000000 0.813802 0.987630 0.828451 0.972982 0.841146 0.985677 0.2011
0 0.812432 0.980736 0.784746 0.968047 0.795350 0.944912 0.823035 0.957601 0.1533
0 0.792580 0.267421 0.787977 0.250159 0.815815 0.242736 0.820418 0.259998 0.0829
0 0.813443 0.980873 0.804777 0.959209 0.819931 0.953147 0.828596 0.974811 0.2462
0 0.793543 0.972963 0.771944 0.936964 0.788412 0.927083 0.810011 0.963082 0.2091
0 0.932305 0.869883 0.925065 0.819206 0.949492 0.815716 0.956732 0.866393 0.0567
0 0.680990 0.906250 0.660807 0.906250 0.660807 0.887370 0.680990 0.887370 0.1059
0 0.706380 0.900391 0.688802 0.900391 0.688802 0.882812 0.706380 0.882812 0.1716
0 0.682851 0.904913 0.661478 0.903895 0.662335 0.885893 0.683709 0.886910 0.1479
0 0.874057 0.928716 0.856821 0.919779 0.870005 0.894352 0.887241 0.903290 0.1363
0 0.645259 0.808819 0.600153 0.760413 0.615343 0.746258 0.660449 0.794664 0.0887
0 0.686849 0.904948 0.664062 0.904948 0.664062 0.887370 0.686849 0.887370 0.1354
0 0.833333 0.986979 0.817708 0.986979 0.817708 0.965495 0.833333 0.965495 0.1419
0 0.932273 0.989254 0.923135 0.955442 0.968967 0.943054 0.978105 0.976867 0.5335
0 0.703776 0.905599 0.673177 0.905599 0.673177 0.886719 0.703776 0.886719 0.0895
0 0.835150 0.793503 0.815109 0.784317 0.822835 0.767460 0.842877 0.776645 0.1134
0 0.907247 0.877487 0.873262 0.864415 0.885242 0.833266 0.919227 0.846337 0.0582
0 0.963045 0.935068 0.962111 0.918265 0.986162 0.916929 0.987096 0.933732 0.2412
0 0.803693 0.977894 0.792691 0.971018 0.803846 0.953169 0.814848 0.960045 0.1499
0 0.975911 0.975911 0.943359 0.975911 0.943359 0.947917 0.975911 0.947917 0.0905
0 0.905715 0.877729 0.874180 0.865903 0.883838 0.840147 0.915374 0.851973 0.0658
0 0.989583 0.935547 0.963542 0.935547 0.963542 0.919271 0.989583 0.919271 0.0808
0 0.800781 0.979167 0.792318 0.970703 0.802083 0.960938 0.810547 0.969401 0.1015
0 0.980794 0.940430 0.970703 0.930339 0.980794 0.920247 0.990885 0.930339 0.1029
0 0.818034 0.988607 0.801758 0.972331 0.816081 0.958008 0.832357 0.974284 0.2916
0 0.647169 0.809959 0.606436 0.751026 0.627992 0.736127 0.668725 0.795060 0.2491
0 0.371375 0.329814 0.369387 0.317884 0.388074 0.314770 0.390062 0.326700 0.0950
0 0.733532 0.835192 0.719836 0.831540 0.731711 0.787007 0.745408 0.790659 0.4287
0 0.672868 0.905789 0.670264 0.888211 0.704452 0.883146 0.707057 0.900724 0.2512
0 0.301325 0.222748 0.289009 0.208379 0.304879 0.194776 0.317195 0.209145 0.0711
0 0.703776 0.905599 0.662109 0.905599 0.662109 0.886719 0.703776 0.886719 0.1387
0 0.900119 0.886947 0.870580 0.861751 0.889526 0.839538 0.919066 0.864734 0.0718
0 0.831556 0.998152 0.818455 0.993057 0.827362 0.970153 0.840463 0.975248 0.1050
0 0.771943 0.980240 0.753833 0.912112 0.781065 0.904873 0.799175 0.973001 0.0640
0 0.813622 0.981569 0.804699 0.960747 0.822378 0.953170 0.831302 0.973992 0.1832
0 0.725911 0.819661 0.708984 0.819661 0.708984 0.792969 0.725911 0.792969 0.0839
0 0.901963 0.892368 0.876162 0.889143 0.879477 0.862620 0.905278 0.865845 0.0669
0 0.921850 0.897976 0.896318 0.883614 0.904525 0.869025 0.930056 0.883386 0.1067
0 0.837891 0.797526 0.820964 0.780599 0.833008 0.768555 0.849935 0.785482 0.1329
0 0.902313 0.888426 0.872343 0.860454 0.890897 0.840575 0.920867 0.868547 0.0975
0 0.833984 0.787760 0.813151 0.787760 0.813151 0.767578 0.833984 0.767578 0.1303
0 0.682943 0.906901 0.660807 0.906901 0.660807 0.888021 0.682943 0.888021 0.1350
0 0.664530 0.908465 0.661482 0.891195 0.685363 0.886981 0.688411 0.904251 0.1325
0 0.833333 0.787109 0.813802 0.787109 0.813802 0.770833 0.833333 0.770833 0.1631
0 0.835938 0.999349 0.822266 0.999349 0.822266 0.986328 0.835938 0.986328 0.1948
0 0.703125 0.902344 0.671224 0.902344 0.671224 0.886068 0.703125 0.886068 0.1547
0 0.728906 0.922656 0.718490 0.901823 0.737760 0.892188 0.748177 0.913021 0.1012
0 0.974890 0.981093 0.925200 0.977544 0.926297 0.962183 0.975987 0.965733 0.6033
0 0.835401 0.797986 0.828470 0.770259 0.840725 0.767195 0.847656 0.794922 0.1116
0 0.832682 0.786458 0.805339 0.786458 0.805339 0.768229 0.832682 0.768229 0.1345
0 0.680228 0.903416 0.677905 0.884826 0.705629 0.881360 0.707953 0.899950 0.1129
0 0.511719 0.350260 0.470052 0.350260 0.470052 0.320964 0.511719 0.320964 0.0567
0 0.583681 0.626743 0.582232 0.608630 0.610152 0.606396 0.611601 0.624509 0.0650
0 0.675210 0.905589 0.672897 0.887079 0.704467 0.883133 0.706781 0.901643 0.1022
0 0.729427 0.922396 0.719010 0.901563 0.738021 0.892057 0.748437 0.912891 0.0916
0 0.725258 0.922649 0.718087 0.899703 0.740923 0.892567 0.748093 0.915513 0.0811
0 0.990234 0.936198 0.962891 0.936198 0.962891 0.918620 0.990234 0.918620 0.0815
0 0.875716 0.900487 0.867952 0.895207 0.883706 0.872040 0.891470 0.877319 0.0625
0 0.271484 0.146484 0.257812 0.146484 0.257812 0.125651 0.271484 0.125651 0.0576
0 0.909582 0.894187 0.902918 0.867532 0.929266 0.860945 0.935930 0.887600 0.0891
0 0.977687 0.978749 0.948626 0.976932 0.949464 0.963516 0.978526 0.965333 0.1593
0 0.819284 0.972073 0.794213 0.971313 0.794982 0.945926 0.820054 0.946686 0.1620
0 0.805497 0.979318 0.788347 0.971247 0.798203 0.950303 0.815353 0.958374 0.1126
0 0.921549 0.898112 0.909505 0.886068 0.925781 0.869792 0.937826 0.881836 0.1265
0 0.809479 0.979239 0.786811 0.968571 0.796799 0.947345 0.819468 0.958012 0.1522
0 0.286532 0.155857 0.280808 0.135822 0.316578 0.125602 0.322302 0.145637 0.0715
0 0.804245 0.979379 0.790275 0.971695 0.800708 0.952726 0.814678 0.960410 0.1041
0 0.815953 0.972977 0.788680 0.960978 0.795919 0.944527 0.823191 0.956527 0.1632
0 0.794805 0.971858 0.771661 0.936591 0.789778 0.924701 0.812922 0.959969 0.1303
0 0.813997 0.990169 0.808854 0.974740 0.827409 0.968555 0.832552 0.983984 0.1174
0 0.792532 0.975377 0.772563 0.937657 0.789733 0.928567 0.809702 0.966287 0.2064
0 0.558230 0.238813 0.548170 0.202486 0.596739 0.189036 0.606799 0.225363 0.0605
0 0.976181 0.966971 0.944098 0.963407 0.946027 0.946043 0.978111 0.949608 0.0952
0 0.975093 0.978438 0.925990 0.975854 0.926797 0.960511 0.975901 0.963096 0.0835
0 0.874219 0.928646 0.857031 0.920052 0.868880 0.896354 0.886068 0.904948 0.1375
0 0.947367 0.981859 0.946444 0.969239 0.977306 0.966981 0.978230 0.979600 0.0702
0 0.826823 1.000000 0.814453 0.988281 0.828451 0.974284 0.840820 0.986654 0.2328
0 0.779409 0.981075 0.752739 0.914399 0.779454 0.903713 0.806124 0.970389 0.0570
0 0.660882 0.908579 0.657202 0.890174 0.668595 0.887896 0.672276 0.906300 0.2434
0 0.835287 0.793620 0.816276 0.784115 0.824610 0.767448 0.843620 0.776953 0.1290
0 0.822616 0.999549 0.811999 0.983624 0.828826 0.972406 0.839443 0.988331 0.1492
0 0.683257 0.906385 0.677196 0.891231 0.703350 0.880770 0.709411 0.895923 0.2578
0 0.991000 0.667126 0.985026 0.660156 0.989530 0.656296 0.995504 0.663266 0.0647
0 0.657058 0.800286 0.613304 0.749531 0.626749 0.737941 0.670504 0.788696 0.0763
0 0.744141 0.919922 0.708333 0.919922 0.708333 0.897135 0.744141 0.897135 0.0637
0 0.731480 0.921752 0.712914 0.900092 0.728301 0.886903 0.746867 0.908563 0.0860
0 0.172537 0.079788 0.162756 0.049220 0.176906 0.044692 0.186687 0.075260 0.1330
0 0.817604 0.986406 0.802682 0.966511 0.818932 0.954323 0.833854 0.974219 0.1696
0 0.761979 0.939583 0.753320 0.913607 0.779687 0.904818 0.788346 0.930794 0.0669
0 0.834180 0.791732 0.814453 0.785156 0.820378 0.767383 0.840104 0.773958 0.1304
0 0.816616 0.989254 0.811567 0.972088 0.828944 0.966977 0.833993 0.984143 0.1761
0 0.827466 0.974171 0.804342 0.963160 0.810335 0.950575 0.833458 0.961586 0.1319
0 0.977680 0.977563 0.948337 0.975216 0.949513 0.960518 0.978856 0.962866 0.0864
0 0.919922 0.897787 0.907552 0.885417 0.924154 0.868815 0.936523 0.881185 0.3397
0 0.904454 0.877672 0.873967 0.864606 0.882184 0.845434 0.912671 0.858500 0.2135
0 0.817358 0.994992 0.813827 0.977339 0.829602 0.974184 0.833133 0.991837 0.1840
0 0.815443 0.983490 0.797526 0.970052 0.810807 0.952344 0.828724 0.965781 0.1446
0 0.834375 0.797129 0.832891 0.768938 0.843586 0.768375 0.845070 0.796566 0.2590
0 0.644356 0.809375 0.617188 0.747396 0.639316 0.737696 0.666485 0.799675 0.1069
0 0.626984 0.338585 0.623988 0.318365 0.675495 0.310734 0.678491 0.330955 0.0822
0 0.785807 0.937500 0.757161 0.937500 0.757161 0.906250 0.785807 0.906250 0.0674
0 0.977755 0.977345 0.946079 0.975678 0.947424 0.950118 0.979100 0.951785 0.1126
0 0.647633 0.813430 0.602793 0.758982 0.620251 0.744605 0.665091 0.799054 0.0595
0 0.821787 1.000000 0.815964 0.981525 0.832215 0.976882 0.838038 0.997261 0.2697
0 0.674479 0.906901 0.660156 0.906901 0.660156 0.888021 0.674479 0.888021 0.1323
0 0.558588 0.240028 0.548973 0.205689 0.602727 0.190637 0.612342 0.224976 0.1133
