0 0.389974 0.356771 0.379557 0.346354 0.401367 0.324544 0.411784 0.334961 0.0903
0 0.241536 0.157552 0.234375 0.157552 0.234375 0.143229 0.241536 0.143229 0.0783
0 0.172491 0.115023 0.157943 0.110547 0.159928 0.104096 0.174476 0.108573 0.1046
0 0.223686 0.160923 0.218899 0.142973 0.225666 0.141168 0.230453 0.159119 0.5939
0 0.535313 0.175849 0.527142 0.155419 0.534662 0.152411 0.542834 0.172840 0.1446
0 0.887370 0.337891 0.877604 0.337891 0.877604 0.326172 0.887370 0.326172 0.1657
0 0.108423 0.120893 0.083784 0.104467 0.090595 0.094251 0.115234 0.110677 0.6708
0 0.354818 0.169271 0.346029 0.160482 0.349609 0.156901 0.358398 0.165690 0.2142
0 0.500517 0.120086 0.490966 0.094615 0.499313 0.091485 0.508865 0.116956 0.1386
0 0.086583 0.113195 0.085520 0.097250 0.095458 0.096588 0.096521 0.112532 0.1764
0 0.866996 0.333218 0.863932 0.320964 0.873277 0.318627 0.876341 0.330882 0.1575
0 0.700521 0.196615 0.689403 0.189203 0.697316 0.177334 0.708433 0.184746 0.1119
0 0.171816 0.106302 0.155853 0.105161 0.156759 0.092484 0.172721 0.093624 0.2609
0 0.285807 0.005859 0.279297 0.005859 0.279297 0.000000 0.285807 0.000000 0.1259
0 0.867503 0.337669 0.862610 0.335495 0.866476 0.326796 0.871369 0.328971 0.2189
0 0.541016 0.176432 0.531901 0.176432 0.531901 0.158203 0.541016 0.158203 0.1184
0 0.869011 0.335026 0.861328 0.319662 0.871224 0.314714 0.878906 0.330078 0.1199
0 0.344427 0.175599 0.335130 0.163203 0.342318 0.157813 0.351615 0.170208 0.1778
0 0.171224 0.111328 0.158854 0.098958 0.165690 0.092122 0.178060 0.104492 0.2204
0 0.099920 0.124229 0.083739 0.111644 0.089523 0.104207 0.105704 0.116792 0.5606
0 0.234570 0.160091 0.227930 0.140169 0.235156 0.137760 0.241797 0.157682 0.3200
0 0.109090 0.123471 0.090922 0.115901 0.094447 0.107441 0.112615 0.115011 0.1105
0 0.233073 0.154297 0.223958 0.154297 0.223958 0.136068 0.233073 0.136068 0.2526
0 0.231250 0.160547 0.224284 0.139648 0.232878 0.136784 0.239844 0.157682 0.2311
0 0.356771 0.178385 0.344401 0.178385 0.344401 0.166667 0.356771 0.166667 0.1585
0 0.864697 0.337423 0.858643 0.322720 0.869056 0.318433 0.875110 0.333135 0.1442
0 0.888672 0.340495 0.865885 0.340495 0.865885 0.326823 0.888672 0.326823 0.0992
0 0.285807 0.005859 0.279297 0.005859 0.279297 0.000000 0.285807 0.000000 0.1138
0 0.536885 0.175269 0.530994 0.170359 0.534249 0.166453 0.540140 0.171363 0.1709
0 0.688281 0.176172 0.672135 0.168099 0.676432 0.159505 0.692578 0.167578 0.0547
0 0.161178 0.106962 0.153081 0.105444 0.155461 0.092748 0.163559 0.094266 0.1354
0 0.863932 0.334635 0.854167 0.334635 0.854167 0.321615 0.863932 0.321615 0.2432
0 0.355469 0.171875 0.344076 0.160482 0.349609 0.154948 0.361003 0.166341 0.0633
0 0.101180 0.123468 0.089978 0.116747 0.093367 0.111098 0.104569 0.117819 0.2810
0 0.238932 0.158854 0.234375 0.158854 0.234375 0.145182 0.238932 0.145182 0.1504
0 0.168294 0.114909 0.153320 0.099935 0.163086 0.090169 0.178060 0.105143 0.6060
0 0.106850 0.121894 0.084064 0.105618 0.091454 0.095272 0.114240 0.111548 0.2490
0 0.867188 0.335938 0.855469 0.335938 0.855469 0.320964 0.867188 0.320964 0.4538
0 0.302039 0.357324 0.297116 0.355478 0.299765 0.348414 0.304688 0.350260 0.0606
0 0.888021 0.339193 0.878906 0.339193 0.878906 0.326172 0.888021 0.326172 0.1749
0 0.889323 0.339844 0.877604 0.339844 0.877604 0.324870 0.889323 0.324870 0.1382
0 0.865234 0.333984 0.854818 0.333984 0.854818 0.320312 0.865234 0.320312 0.2442
0 0.162454 0.107345 0.153263 0.105047 0.156480 0.092180 0.165671 0.094478 0.1539
0 0.684550 0.177757 0.671645 0.166465 0.678501 0.158629 0.691406 0.169922 0.0668
0 0.238932 0.159505 0.234375 0.159505 0.234375 0.147135 0.238932 0.147135 0.1046
0 0.231729 0.160424 0.221312 0.146101 0.227544 0.141568 0.237961 0.155891 0.2203
0 0.235026 0.158854 0.225260 0.139323 0.232292 0.135807 0.242057 0.155339 0.3159
0 0.233203 0.161068 0.222526 0.139714 0.231901 0.135026 0.242578 0.156380 0.6206
0 0.502344 0.120313 0.496810 0.103711 0.503451 0.101497 0.508984 0.118099 0.1582
0 0.107786 0.120495 0.095130 0.103620 0.102214 0.098307 0.114870 0.115182 0.0631
0 0.356370 0.175831 0.336714 0.171900 0.339769 0.156626 0.359425 0.160557 0.0552
0 0.108527 0.120755 0.095162 0.109820 0.101108 0.102552 0.114474 0.113488 0.2366
0 0.351888 0.181315 0.335938 0.165365 0.343424 0.157878 0.359375 0.173828 0.6888
0 0.223400 0.161160 0.218146 0.141195 0.225837 0.139171 0.231091 0.159136 0.2881
0 0.226007 0.163673 0.217681 0.140777 0.233781 0.134922 0.242107 0.157818 0.2663
0 0.257487 0.467122 0.254883 0.464518 0.257161 0.462240 0.259766 0.464844 0.0572
0 0.545833 0.964974 0.542708 0.963412 0.545833 0.957161 0.548958 0.958724 0.0629
0 0.355104 0.173880 0.340417 0.162865 0.346198 0.155156 0.360885 0.166172 0.5151
0 0.097005 0.121745 0.084635 0.109375 0.089193 0.104818 0.101563 0.117188 0.1942
0 0.533854 0.166667 0.527344 0.166667 0.527344 0.152344 0.533854 0.152344 0.1496
0 0.166667 0.114583 0.155924 0.103841 0.159831 0.099935 0.170573 0.110677 0.2280
0 0.167799 0.114893 0.156279 0.105533 0.160083 0.100852 0.171602 0.110211 0.4763
0 0.233663 0.160267 0.228233 0.141264 0.235456 0.139200 0.240885 0.158203 0.1802
0 0.285807 0.006510 0.278646 0.006510 0.278646 0.000000 0.285807 0.000000 0.0769
0 0.540365 0.175781 0.531250 0.175781 0.531250 0.166016 0.540365 0.166016 0.1566
0 0.357017 0.176256 0.336325 0.172808 0.338999 0.156760 0.359692 0.160209 0.0562
0 0.274089 0.469401 0.266656 0.464756 0.270460 0.458670 0.277892 0.463315 0.0539
0 0.865893 0.337990 0.861282 0.334038 0.866429 0.328033 0.871040 0.331985 0.2073
0 0.167969 0.115234 0.159054 0.101863 0.169571 0.094852 0.178486 0.108223 0.0924
0 0.221344 0.157472 0.218690 0.136238 0.228145 0.135056 0.230799 0.156290 0.1898
0 0.355733 0.178755 0.342641 0.176573 0.343926 0.168866 0.357017 0.171048 0.1990
0 0.355755 0.166719 0.347005 0.160156 0.349349 0.157031 0.358099 0.163594 0.0723
0 0.889323 0.339193 0.878255 0.339193 0.878255 0.325521 0.889323 0.325521 0.1528
0 0.103874 0.126479 0.082729 0.112011 0.089835 0.101625 0.110980 0.116093 0.1931
0 0.098292 0.122916 0.083018 0.106743 0.089594 0.100532 0.104869 0.116705 0.3322
0 0.104811 0.115767 0.085948 0.104670 0.089763 0.098183 0.108627 0.109280 0.0966
0 0.533230 0.177027 0.525246 0.154674 0.534031 0.151537 0.542014 0.173890 0.6664
0 0.546159 0.965039 0.543034 0.963997 0.545247 0.957357 0.548372 0.958399 0.0640
0 0.866807 0.332977 0.863441 0.321197 0.872298 0.318666 0.875663 0.330447 0.1586
0 0.857487 0.337435 0.853776 0.326302 0.861979 0.323568 0.865690 0.334700 0.2943
0 0.549805 0.259440 0.534505 0.244141 0.540690 0.237956 0.555990 0.253255 0.7621
0 0.285807 0.005859 0.278646 0.005859 0.278646 0.000000 0.285807 0.000000 0.1605
0 0.354948 0.174870 0.344557 0.161016 0.351120 0.156094 0.361510 0.169948 0.0986
0 0.549805 0.259440 0.534180 0.243815 0.540690 0.237305 0.556315 0.252930 0.1243
0 0.358073 0.177083 0.338542 0.177083 0.338542 0.159505 0.358073 0.159505 0.1557
0 0.171549 0.108398 0.159505 0.096354 0.165039 0.090820 0.177083 0.102865 0.1887
0 0.107564 0.116223 0.085588 0.102700 0.090886 0.094091 0.112862 0.107615 0.2822
0 0.530671 0.173928 0.524960 0.155652 0.532374 0.153335 0.538085 0.171611 0.1868
0 0.501504 0.119971 0.491492 0.094940 0.499012 0.091932 0.509025 0.116963 0.7150
0 0.237630 0.159505 0.230469 0.159505 0.230469 0.150391 0.237630 0.150391 0.1281
0 0.108724 0.119792 0.098958 0.110026 0.104492 0.104492 0.114258 0.114258 0.1597
0 0.540365 0.174479 0.531250 0.174479 0.531250 0.166016 0.540365 0.166016 0.1989
0 0.532817 0.175873 0.525173 0.154468 0.533957 0.151330 0.541602 0.172735 0.2474
0 0.867513 0.331055 0.857747 0.321289 0.863607 0.315430 0.873372 0.325195 0.1769
0 0.883318 0.339131 0.876838 0.331572 0.883165 0.326149 0.889645 0.333709 0.1774
0 0.227348 0.162446 0.218413 0.140109 0.232444 0.134496 0.241379 0.156834 0.1446
0 0.496875 0.107813 0.492188 0.093750 0.497852 0.091862 0.502539 0.105924 0.1346
0 0.871094 0.335938 0.865885 0.335938 0.865885 0.324219 0.871094 0.324219 0.2154
0 0.169596 0.114909 0.156576 0.101888 0.165365 0.093099 0.178385 0.106120 0.2190
0 0.855478 0.329700 0.850727 0.323049 0.860088 0.316362 0.864838 0.323014 0.0966
0 0.238281 0.159505 0.234375 0.159505 0.234375 0.151693 0.238281 0.151693 0.0534
0 0.285807 0.007161 0.278646 0.007161 0.278646 0.000000 0.285807 0.000000 0.0604
