0 0.146369 0.475856 0.102900 0.419967 0.118900 0.407522 0.162370 0.463411 0.0587
0 0.384135 0.093322 0.375953 0.078711 0.428469 0.049302 0.436651 0.063913 0.0740
0 0.216667 0.061589 0.197266 0.022786 0.218359 0.012240 0.237760 0.051042 0.0657
0 0.330235 0.140568 0.315047 0.098801 0.335904 0.091217 0.351092 0.132984 0.0629
0 0.837795 0.506788 0.823158 0.497242 0.854929 0.448527 0.869565 0.458073 0.0625
0 0.025001 0.276616 0.000000 0.230780 0.011866 0.222646 0.038828 0.268482 0.0543
0 0.459132 0.228381 0.450558 0.198371 0.466379 0.193851 0.474953 0.223860 0.0720
0 0.883714 0.690054 0.861779 0.675431 0.893329 0.628105 0.915264 0.642728 0.0650
0 0.058512 0.438785 0.005979 0.391840 0.016364 0.380218 0.068898 0.427163 0.0688
0 0.853265 0.735076 0.829076 0.718950 0.846605 0.692658 0.870793 0.708784 0.0503
0 0.216760 0.062096 0.197948 0.022121 0.219550 0.011955 0.238362 0.051930 0.0589
0 0.992053 0.514608 0.965927 0.500193 0.985098 0.465445 1.000000 0.479859 0.0541
0 0.407292 0.255990 0.383203 0.207813 0.397526 0.200651 0.421615 0.248828 0.0626
0 0.891587 0.434695 0.875402 0.426097 0.901938 0.376147 0.918122 0.384745 0.0583
0 0.239538 0.115685 0.198889 0.022342 0.221794 0.012367 0.262443 0.105710 0.1572
0 0.285923 0.090753 0.278451 0.048909 0.290709 0.046720 0.298181 0.088564 0.0708
0 0.043852 0.446052 0.000000 0.407138 0.003852 0.392045 0.055274 0.430958 0.0629
0 0.978766 0.432893 0.942258 0.408554 0.955078 0.389323 0.991587 0.413662 0.0662
0 0.999349 0.307292 0.974609 0.307292 0.974609 0.259115 0.999349 0.259115 0.0586
0 0.165415 0.474227 0.123020 0.415242 0.137816 0.404607 0.180212 0.463592 0.0640
0 0.239640 0.116038 0.198313 0.021981 0.221653 0.011726 0.262981 0.105782 0.9443
0 0.284731 0.079252 0.278746 0.049329 0.288762 0.047326 0.294747 0.077249 0.0789
0 0.052547 0.532468 0.007094 0.476914 0.030563 0.457711 0.076017 0.513266 0.0511
0 0.419697 0.240410 0.414313 0.213492 0.430339 0.210286 0.435722 0.237205 0.0715
0 0.054739 0.562413 0.000000 0.519268 0.009533 0.506361 0.064813 0.549506 0.0612
0 0.922994 0.974251 0.897128 0.958085 0.932606 0.901320 0.958472 0.917486 0.0642
0 0.101642 0.498634 0.057752 0.443772 0.070852 0.433292 0.114742 0.488154 0.0555
0 0.622854 0.825849 0.610182 0.814924 0.647941 0.771123 0.660613 0.782048 0.0642
0 0.507670 0.991124 0.482994 0.974106 0.515876 0.926426 0.540553 0.943444 0.0742
0 0.787486 0.595017 0.772588 0.585875 0.802923 0.536441 0.817821 0.545583 0.0584
0 0.129670 0.489580 0.090355 0.433884 0.109474 0.420388 0.148789 0.476084 0.0545
