0 0.515625 0.403646 0.512370 0.403646 0.512370 0.385417 0.515625 0.385417 0.1164
0 0.862630 0.007161 0.839193 0.007161 0.839193 0.000000 0.862630 0.000000 0.0830
0 0.289106 0.339926 0.274389 0.300926 0.284292 0.297189 0.299009 0.336189 0.0518
0 0.132812 0.356120 0.108724 0.356120 0.108724 0.263672 0.132812 0.263672 0.1604
0 0.366016 0.263281 0.348568 0.228385 0.365755 0.219792 0.383203 0.254687 0.0560
0 0.274137 0.364178 0.262180 0.303069 0.289893 0.297647 0.301849 0.358756 0.1935
0 0.361362 0.328324 0.348018 0.227636 0.370296 0.224684 0.383640 0.325372 0.2922
0 0.512527 0.402411 0.511532 0.385504 0.514204 0.385347 0.515198 0.402254 0.1232
0 0.084389 0.093574 0.046083 0.066213 0.059104 0.047984 0.097410 0.075345 0.0563
0 0.370443 0.265625 0.345378 0.240560 0.359050 0.226888 0.384115 0.251953 0.1142
0 0.088174 0.090395 0.013655 0.063414 0.024104 0.034556 0.098622 0.061537 0.1400
0 0.435000 0.174654 0.427210 0.124993 0.452203 0.121072 0.459993 0.170734 0.0741
0 0.199243 0.089912 0.171526 0.011382 0.196897 0.002428 0.224613 0.080958 0.1981
0 0.356145 0.248172 0.351462 0.224760 0.365986 0.221855 0.370668 0.245267 0.2205
0 0.432290 0.194912 0.429829 0.182114 0.475853 0.173263 0.478314 0.186061 0.3517
0 0.861328 0.004557 0.847656 0.004557 0.847656 0.000000 0.861328 0.000000 0.2434
0 0.608724 0.210286 0.597005 0.210286 0.597005 0.180339 0.608724 0.180339 0.0939
0 0.161458 0.041016 0.107422 0.041016 0.107422 0.016276 0.161458 0.016276 0.1444
0 0.350520 0.065794 0.310067 0.064783 0.311561 0.005006 0.352014 0.006017 0.0796
0 0.171581 0.174345 0.153949 0.127328 0.164580 0.123341 0.182211 0.170359 0.6303
0 0.175381 0.085236 0.165715 0.036909 0.180990 0.033854 0.190655 0.082181 0.1099
0 0.073568 0.194010 0.041667 0.194010 0.041667 0.134766 0.073568 0.134766 0.0606
0 0.176892 0.036625 0.172544 0.007928 0.200547 0.003685 0.204895 0.032383 0.0707
0 0.072917 0.193359 0.041667 0.193359 0.041667 0.134766 0.072917 0.134766 0.0541
0 0.278385 0.341667 0.265690 0.303581 0.284635 0.297266 0.297331 0.335352 0.0856
0 0.438065 0.176579 0.428609 0.140473 0.449715 0.134946 0.459172 0.171051 0.0672
0 0.433570 0.172631 0.426892 0.123979 0.453517 0.120325 0.460195 0.168977 0.0644
0 0.810547 0.271484 0.798177 0.271484 0.798177 0.245443 0.810547 0.245443 0.0546
0 0.896172 0.031016 0.894258 0.017617 0.902643 0.016419 0.904557 0.029818 0.0675
0 0.356460 0.261188 0.351933 0.224970 0.373327 0.222296 0.377855 0.258514 0.0934
0 0.432294 0.195109 0.429781 0.181705 0.476479 0.172949 0.478992 0.186353 0.0898
0 0.112226 0.058302 0.051836 0.034146 0.062522 0.007431 0.122912 0.031587 0.8741
0 0.805720 0.269357 0.797574 0.268451 0.800067 0.246014 0.808213 0.246919 0.0939
0 0.175218 0.085163 0.167318 0.037760 0.182732 0.035191 0.190632 0.082594 0.7531
0 0.110952 0.058788 0.052177 0.032666 0.063722 0.006692 0.122497 0.032814 0.1216
0 0.939531 0.075643 0.938080 0.061140 0.973597 0.057588 0.975048 0.072092 0.0534
0 0.804755 0.276642 0.799918 0.249233 0.814440 0.246671 0.819277 0.274080 0.1077
0 0.453051 0.168774 0.435255 0.168387 0.436288 0.120841 0.454085 0.121228 0.2033
0 0.809245 0.273438 0.799479 0.273438 0.799479 0.246745 0.809245 0.246745 0.1537
0 0.610026 0.208984 0.598958 0.208984 0.598958 0.179688 0.610026 0.179688 0.1115
0 0.938156 0.075575 0.936894 0.060435 0.972939 0.057431 0.974201 0.072571 0.0502
0 0.814453 0.275391 0.800130 0.275391 0.800130 0.246745 0.814453 0.246745 0.2640
0 0.897554 0.052137 0.884188 0.017767 0.909133 0.008066 0.922500 0.042436 0.0575
0 0.435267 0.173501 0.426640 0.125575 0.453201 0.120794 0.461828 0.168720 0.0705
0 0.126722 0.312856 0.108446 0.267603 0.124022 0.261312 0.142298 0.306566 0.0777
0 0.364370 0.328578 0.352505 0.263323 0.372615 0.259667 0.384479 0.324922 0.1140
0 0.940608 0.076080 0.938730 0.062465 0.973384 0.057685 0.975262 0.071300 0.0819
0 0.193000 0.081133 0.172885 0.030846 0.182314 0.027074 0.202429 0.077362 0.0560
0 0.132812 0.357422 0.108073 0.357422 0.108073 0.263021 0.132812 0.263021 0.8639
0 0.211460 0.088768 0.176226 0.063847 0.187066 0.048521 0.222300 0.073443 0.0673
0 0.162109 0.041667 0.106771 0.041667 0.106771 0.016927 0.162109 0.016927 0.0562
0 0.961589 0.055339 0.949870 0.055339 0.949870 0.047526 0.961589 0.047526 0.0530
0 0.451561 0.165118 0.442200 0.164078 0.446194 0.128136 0.455554 0.129176 0.0651
0 0.452234 0.170765 0.429983 0.169776 0.432120 0.121694 0.454371 0.122683 0.0954
0 0.939903 0.074652 0.938881 0.060355 0.972378 0.057963 0.973400 0.072259 0.1993
0 0.084810 0.093570 0.043846 0.065211 0.057510 0.045474 0.098474 0.073833 0.0647
0 0.487079 0.186699 0.482021 0.161408 0.526092 0.152594 0.531150 0.177885 0.2344
0 0.044386 0.193677 0.041743 0.156663 0.071492 0.154538 0.074136 0.191552 0.2094
0 0.449338 0.167548 0.426615 0.165023 0.430616 0.129009 0.453339 0.131534 0.0538
0 0.115039 0.057227 0.057422 0.038021 0.066406 0.011068 0.124023 0.030273 0.0750
0 0.450397 0.170707 0.429133 0.170147 0.430112 0.132944 0.451376 0.133503 0.0859
0 0.171581 0.174345 0.154163 0.127898 0.164794 0.123912 0.182211 0.170359 0.1006
0 0.435086 0.172952 0.426710 0.125487 0.452708 0.120899 0.461084 0.168364 0.0530
0 0.486562 0.186655 0.481777 0.159542 0.529762 0.151074 0.534547 0.178187 0.0520
0 0.431706 0.189258 0.431254 0.177049 0.477005 0.175355 0.477457 0.187563 0.1260
0 0.210113 0.089346 0.176888 0.060030 0.187262 0.048273 0.220487 0.077589 0.0742
0 0.285807 0.366536 0.273438 0.366536 0.273438 0.325521 0.285807 0.325521 0.0635
0 0.804224 0.276422 0.799422 0.250010 0.814031 0.247354 0.818833 0.273766 0.0860
0 0.452351 0.168190 0.436304 0.167492 0.438312 0.121299 0.454360 0.121997 0.2004
0 0.408856 0.156265 0.404577 0.125597 0.438037 0.120928 0.442316 0.151596 0.0855
0 0.176485 0.084978 0.169719 0.040997 0.184982 0.038649 0.191749 0.082630 0.0947
0 0.287760 0.362630 0.273438 0.362630 0.273438 0.300130 0.287760 0.300130 0.1560
0 0.103436 0.059273 0.089519 0.045912 0.107654 0.027020 0.121572 0.040381 0.0516
0 0.088561 0.091459 0.013795 0.063138 0.024686 0.034386 0.099452 0.062707 0.9161
0 0.099284 0.347331 0.094401 0.342448 0.110677 0.326172 0.115560 0.331055 0.0675
0 0.487305 0.186523 0.482172 0.160857 0.528871 0.151517 0.534004 0.177183 0.1705
0 0.072526 0.039844 0.053776 0.030469 0.064453 0.009115 0.083203 0.018490 0.0834
0 0.964844 0.066406 0.949870 0.066406 0.949870 0.059896 0.964844 0.059896 0.0881
0 0.431900 0.172373 0.428500 0.123084 0.453391 0.121367 0.456790 0.170657 0.0823
0 0.609375 0.219401 0.597656 0.219401 0.597656 0.186849 0.609375 0.186849 0.1073
0 0.861328 0.004557 0.845703 0.004557 0.845703 0.000000 0.861328 0.000000 0.0606
0 0.370768 0.265951 0.353841 0.249023 0.367188 0.235677 0.384115 0.252604 0.0526
0 0.453654 0.171341 0.429894 0.170856 0.430890 0.122048 0.454650 0.122533 0.0920
0 0.450521 0.167969 0.429036 0.167969 0.429036 0.134766 0.450521 0.134766 0.0672
0 0.199909 0.090042 0.172090 0.010296 0.196589 0.001750 0.224408 0.081496 0.9177
0 0.366728 0.328891 0.348422 0.255668 0.369102 0.250498 0.387408 0.323721 0.8110
0 0.529873 0.040491 0.494757 0.032783 0.502016 0.000000 0.537132 0.007420 0.0512
0 0.447266 0.167318 0.430875 0.163220 0.439645 0.128140 0.456036 0.132238 0.0834
0 0.966797 0.073568 0.937500 0.073568 0.937500 0.057943 0.966797 0.057943 0.0643
0 0.355246 0.255812 0.351753 0.224371 0.370474 0.222291 0.373968 0.253732 0.1495
0 0.902344 0.029948 0.895182 0.029948 0.895182 0.017578 0.902344 0.017578 0.0728
0 0.161458 0.041016 0.107422 0.041016 0.107422 0.016276 0.161458 0.016276 0.8725
0 0.296224 0.362630 0.274089 0.362630 0.274089 0.299479 0.296224 0.299479 0.7528
0 0.533203 0.039062 0.495513 0.032781 0.500651 0.001953 0.538341 0.008235 0.0963
0 0.367839 0.328125 0.348037 0.258820 0.368674 0.252924 0.388475 0.322229 0.1151
0 0.109375 0.059896 0.051823 0.031120 0.064844 0.005078 0.122396 0.033854 0.1177
0 0.354459 0.261472 0.352263 0.224147 0.375276 0.222793 0.377472 0.260118 0.0735
0 0.360156 0.263411 0.355849 0.228956 0.375080 0.226552 0.379387 0.261008 0.0566
0 0.940169 0.075514 0.938731 0.061140 0.970316 0.057981 0.971754 0.072356 0.0920
0 0.535591 0.176420 0.510531 0.175028 0.512746 0.135148 0.537807 0.136540 0.0706
0 0.365264 0.262026 0.345513 0.230425 0.360611 0.220988 0.380362 0.252589 0.4670
0 0.123047 0.358724 0.111979 0.358724 0.111979 0.331380 0.123047 0.331380 0.0738
0 0.452216 0.169574 0.429819 0.168203 0.432721 0.120814 0.455118 0.122186 0.0918
0 0.606276 0.222865 0.594883 0.221237 0.600547 0.181589 0.611940 0.183216 0.3744
0 0.487542 0.186593 0.481850 0.159557 0.529394 0.149548 0.535085 0.176584 0.0846
0 0.162109 0.040365 0.111979 0.040365 0.111979 0.016276 0.162109 0.016276 0.0979
0 0.350570 0.065763 0.310151 0.064800 0.311589 0.004412 0.352008 0.005374 0.0826
0 0.120463 0.359866 0.107642 0.358263 0.111188 0.329898 0.124008 0.331500 0.0871
0 0.815104 0.274740 0.804036 0.274740 0.804036 0.249349 0.815104 0.249349 0.1581
0 0.604906 0.222779 0.593820 0.220932 0.599345 0.187782 0.610431 0.189629 0.1024
0 0.194561 0.057141 0.167117 0.015976 0.189353 0.001152 0.216797 0.042318 0.0642
