0 0.483073 0.828125 0.442057 0.828125 0.442057 0.793620 0.483073 0.793620 0.1713
0 0.337240 0.763672 0.311849 0.763672 0.311849 0.725911 0.337240 0.725911 0.1216
0 0.726314 0.053927 0.719281 0.014076 0.733988 0.011481 0.741021 0.051332 0.3160
0 0.731120 0.704427 0.711589 0.704427 0.711589 0.679688 0.731120 0.679688 0.0796
0 0.737630 0.675130 0.712891 0.675130 0.712891 0.622396 0.737630 0.622396 0.0530
0 0.679284 0.820693 0.662205 0.781656 0.683244 0.772451 0.700322 0.811488 0.0516
0 0.740427 0.140057 0.728781 0.076005 0.747630 0.072578 0.759276 0.136630 0.0563
0 0.766446 0.992127 0.746975 0.989693 0.753516 0.937370 0.772987 0.939804 0.8119
0 0.999349 0.945312 0.986328 0.945312 0.986328 0.898438 0.999349 0.898438 0.1395
0 0.203338 0.902735 0.182310 0.879233 0.200769 0.862716 0.221798 0.886219 0.0526
0 0.871745 0.992839 0.838542 0.992839 0.838542 0.970052 0.871745 0.970052 0.1022
0 0.256372 0.475036 0.253928 0.448151 0.308108 0.443226 0.310552 0.470111 0.0871
0 0.307542 0.619614 0.282048 0.576470 0.317976 0.555240 0.343470 0.598384 0.0806
0 0.545443 0.868880 0.531771 0.864323 0.541146 0.836198 0.554818 0.840755 0.0709
0 0.740854 0.138850 0.728289 0.079166 0.744039 0.075851 0.756604 0.135534 0.1928
0 0.381959 0.747770 0.378639 0.711258 0.406053 0.708766 0.409372 0.745277 0.3812
0 0.145969 0.811748 0.140208 0.779102 0.155287 0.776442 0.161048 0.809088 0.0950
0 0.574901 0.300805 0.568663 0.251942 0.596045 0.248446 0.602283 0.297309 0.0889
0 0.084229 0.897505 0.078083 0.863703 0.099396 0.859828 0.105542 0.893630 0.0973
0 0.767060 0.991766 0.747920 0.989943 0.752765 0.939065 0.771906 0.940888 0.1696
0 0.127860 0.723774 0.125319 0.693279 0.140567 0.692008 0.143108 0.722504 0.0901
0 0.736979 0.673177 0.714844 0.673177 0.714844 0.647135 0.736979 0.647135 0.0772
0 0.407552 0.746745 0.382161 0.746745 0.382161 0.720703 0.407552 0.720703 0.0909
0 0.586589 0.878906 0.563802 0.878906 0.563802 0.863281 0.586589 0.863281 0.1032
0 0.719822 1.000000 0.678357 0.997698 0.681259 0.966741 0.722724 0.970628 0.1039
0 0.203203 0.844423 0.191189 0.822581 0.202235 0.816505 0.214249 0.838348 0.0680
0 0.675911 0.822005 0.662109 0.780599 0.685352 0.772852 0.699154 0.814258 0.1718
0 0.766214 0.993308 0.746554 0.990686 0.755356 0.924672 0.775015 0.927294 0.2113
0 0.753151 0.127833 0.743608 0.077255 0.761946 0.073795 0.771489 0.124373 0.0647
0 0.170872 0.841940 0.169036 0.829089 0.183255 0.827057 0.185091 0.839909 0.0877
0 0.725807 0.053307 0.720247 0.014388 0.734284 0.012383 0.739844 0.051302 0.0675
0 0.159180 0.742513 0.149740 0.733073 0.160482 0.722331 0.169922 0.731771 0.1009
0 0.632812 0.481771 0.610677 0.481771 0.610677 0.446615 0.632812 0.446615 0.1363
0 0.407552 0.747396 0.382161 0.747396 0.382161 0.720052 0.407552 0.720052 0.1047
0 0.752184 0.125011 0.746572 0.077303 0.762701 0.075405 0.768314 0.123114 0.1861
0 0.866338 0.993021 0.837965 0.984614 0.843757 0.965063 0.872131 0.973470 0.0581
0 0.736979 0.052083 0.729818 0.052083 0.729818 0.048177 0.736979 0.048177 0.0547
0 0.565755 0.869792 0.538411 0.869792 0.538411 0.839844 0.565755 0.839844 0.1213
0 0.768880 0.938802 0.759115 0.938802 0.759115 0.923177 0.768880 0.923177 0.0727
0 0.093085 0.603242 0.091367 0.570609 0.104489 0.569919 0.106206 0.602552 0.0508
0 0.936198 0.999349 0.928385 0.999349 0.928385 0.973307 0.936198 0.973307 0.1564
0 0.562169 0.917677 0.533017 0.913074 0.535281 0.898731 0.564434 0.903334 0.0820
0 0.763554 0.985159 0.747967 0.982190 0.755814 0.940995 0.771400 0.943963 0.0511
0 0.736189 0.677804 0.710007 0.676586 0.712778 0.617016 0.738959 0.618233 0.0515
0 0.757812 0.140625 0.739583 0.140625 0.739583 0.111979 0.757812 0.111979 0.0502
0 0.678206 0.820946 0.661622 0.785935 0.669766 0.782078 0.686350 0.817088 0.1066
0 0.768880 0.992839 0.750000 0.992839 0.750000 0.958984 0.768880 0.958984 0.0794
0 0.613086 0.835183 0.567014 0.832006 0.571645 0.764864 0.617717 0.768041 0.0673
0 0.739583 0.645182 0.709635 0.645182 0.709635 0.616536 0.739583 0.616536 0.0713
0 0.235659 0.929552 0.189670 0.927966 0.191661 0.870205 0.237651 0.871790 0.1128
0 0.653606 0.444209 0.645665 0.406095 0.672912 0.400419 0.680852 0.438532 0.1092
0 0.784299 0.671447 0.774594 0.638172 0.800569 0.630596 0.810274 0.663871 0.0540
0 0.719396 1.000000 0.679127 0.997700 0.681923 0.966941 0.722192 0.970602 0.1156
0 0.737630 0.675781 0.713542 0.675781 0.713542 0.621094 0.737630 0.621094 0.0547
0 0.383111 0.748687 0.374817 0.708254 0.403011 0.702471 0.411305 0.742903 0.0874
0 0.572943 0.352119 0.570510 0.301020 0.596276 0.299793 0.598709 0.350892 0.1266
0 0.999349 0.949219 0.986328 0.949219 0.986328 0.898438 0.999349 0.898438 0.1853
0 0.769031 0.953721 0.754740 0.952133 0.756677 0.934697 0.770968 0.936285 0.0694
0 0.428516 0.090755 0.422005 0.077734 0.448828 0.064323 0.455339 0.077344 0.0929
