0 0.444779 0.542375 0.437253 0.509044 0.447124 0.506815 0.454651 0.540146 0.1233
0 0.368613 0.623135 0.363580 0.592941 0.374771 0.591075 0.379804 0.621270 0.0589
0 0.526356 0.435412 0.522382 0.426141 0.535740 0.420416 0.539714 0.429688 0.0575
0 0.513871 0.452229 0.508134 0.443214 0.513189 0.439997 0.518926 0.449012 0.0930
0 0.524720 0.453936 0.514864 0.452704 0.517198 0.434034 0.527053 0.435266 0.1031
0 0.519716 0.455149 0.513281 0.449208 0.524089 0.437500 0.530524 0.443441 0.2157
0 0.512948 0.451219 0.507576 0.430627 0.513937 0.428967 0.519309 0.449560 0.2599
0 0.612035 0.507662 0.608756 0.478150 0.617045 0.477229 0.620324 0.506741 0.0766
0 0.521484 0.433594 0.513672 0.433594 0.513672 0.418620 0.521484 0.418620 0.1415
0 0.522786 0.453776 0.511719 0.453776 0.511719 0.438151 0.522786 0.438151 0.0754
0 0.539714 0.431641 0.530599 0.431641 0.530599 0.421875 0.539714 0.421875 0.3107
0 0.374469 0.469742 0.358844 0.467788 0.361579 0.445914 0.377204 0.447867 0.0575
0 0.535807 0.259766 0.522135 0.259766 0.522135 0.231771 0.535807 0.231771 0.1005
0 0.464193 0.537760 0.455729 0.537760 0.455729 0.527995 0.464193 0.527995 0.0705
0 0.018084 0.048499 0.017333 0.045121 0.024089 0.043620 0.024839 0.046998 0.0794
0 0.445312 0.514323 0.437500 0.514323 0.437500 0.507812 0.445312 0.507812 0.0737
0 0.443359 0.559245 0.436198 0.559245 0.436198 0.551432 0.443359 0.551432 0.1442
0 0.535807 0.259766 0.522135 0.259766 0.522135 0.231771 0.535807 0.231771 0.1054
0 0.527995 0.449219 0.521484 0.449219 0.521484 0.430990 0.527995 0.430990 0.0801
0 0.318034 0.550456 0.311849 0.544271 0.326172 0.529948 0.332357 0.536133 0.2545
0 0.205404 0.501628 0.193685 0.489909 0.206055 0.477539 0.217773 0.489258 0.0654
0 0.445902 0.543079 0.436468 0.510060 0.446787 0.507112 0.456221 0.540131 0.3302
0 0.527344 0.453776 0.512370 0.453776 0.512370 0.420573 0.527344 0.420573 0.4277
0 0.519531 0.441406 0.513021 0.441406 0.513021 0.419922 0.519531 0.419922 0.2511
0 0.360764 0.481013 0.352149 0.473965 0.370423 0.451630 0.379038 0.458678 0.1976
0 0.515356 0.452496 0.509142 0.445506 0.513385 0.441734 0.519599 0.448725 0.1806
0 0.318561 0.550551 0.312293 0.545066 0.321931 0.534050 0.328200 0.539535 0.0792
0 0.358883 0.483851 0.350387 0.477055 0.370840 0.451489 0.379335 0.458286 0.6202
0 0.441081 0.517253 0.436523 0.512695 0.442057 0.507162 0.446615 0.511719 0.0753
0 0.214193 0.498047 0.195964 0.498047 0.195964 0.481120 0.214193 0.481120 0.0672
0 0.378255 0.626302 0.371094 0.626302 0.371094 0.605469 0.378255 0.605469 0.0582
0 0.450324 0.545420 0.429247 0.519553 0.443593 0.507863 0.464670 0.533730 0.6155
0 0.458453 0.544649 0.450768 0.541287 0.457119 0.526772 0.464803 0.530134 0.1722
0 0.369246 0.626284 0.363686 0.592923 0.374982 0.591040 0.380543 0.624402 0.1745
0 0.518229 0.454427 0.509115 0.445313 0.515951 0.438477 0.525065 0.447591 0.2841
0 0.440891 0.532077 0.438091 0.508279 0.447232 0.507204 0.450032 0.531001 0.2668
0 0.444661 0.515625 0.436849 0.515625 0.436849 0.509115 0.444661 0.509115 0.0815
0 0.536458 0.258464 0.522135 0.258464 0.522135 0.230469 0.536458 0.230469 0.1483
0 0.369942 0.627053 0.363156 0.593124 0.374299 0.590895 0.381085 0.624825 0.7678
0 0.512851 0.451940 0.511016 0.439088 0.517669 0.438138 0.519505 0.450990 0.2422
0 0.611906 0.507518 0.609536 0.476700 0.616705 0.476149 0.619075 0.506966 0.6488
0 0.317924 0.551190 0.311095 0.545119 0.324205 0.530370 0.331034 0.536440 0.0518
0 0.532552 0.260417 0.516835 0.246664 0.540105 0.220069 0.555823 0.233822 0.2912
0 0.523281 0.455421 0.514992 0.451653 0.522862 0.434338 0.531152 0.438106 0.1964
0 0.363281 0.483724 0.354167 0.483724 0.354167 0.472656 0.363281 0.472656 0.1063
0 0.366516 0.602704 0.365254 0.592608 0.372626 0.591687 0.373888 0.601783 0.0654
0 0.537109 0.252604 0.524740 0.240234 0.543294 0.221680 0.555664 0.234049 0.0878
0 0.537760 0.434896 0.528581 0.431836 0.532227 0.420898 0.541406 0.423958 0.2803
0 0.513151 0.450260 0.509896 0.440495 0.513412 0.439323 0.516667 0.449089 0.2098
0 0.443359 0.559245 0.436849 0.559245 0.436849 0.552083 0.443359 0.552083 0.1305
0 0.553271 0.258272 0.537186 0.254251 0.543926 0.227290 0.560011 0.231311 0.0532
0 0.512487 0.449388 0.510924 0.438450 0.513659 0.438060 0.515221 0.448997 0.1883
0 0.514147 0.451639 0.508892 0.443382 0.513484 0.440460 0.518739 0.448717 0.1468
0 0.356771 0.483724 0.350911 0.477865 0.363932 0.464844 0.369792 0.470703 0.1694
0 0.520217 0.454946 0.512704 0.448372 0.523674 0.435835 0.531187 0.442409 0.0704
0 0.450251 0.545479 0.428856 0.519221 0.443666 0.507153 0.465062 0.533411 0.0540
0 0.335286 0.246094 0.321940 0.232747 0.334310 0.220378 0.347656 0.233724 0.0522
0 0.557286 0.272469 0.536547 0.257107 0.560951 0.224161 0.581690 0.239523 0.0792
0 0.464193 0.537760 0.457031 0.537760 0.457031 0.528646 0.464193 0.528646 0.1121
0 0.542657 0.259963 0.529793 0.255542 0.539769 0.226520 0.552633 0.230942 0.0996
0 0.514323 0.448568 0.511068 0.448568 0.511068 0.434896 0.514323 0.434896 0.1807
0 0.459856 0.543652 0.452062 0.540868 0.456952 0.527176 0.464747 0.529960 0.1695
0 0.533448 0.251471 0.531597 0.225561 0.551954 0.224107 0.553805 0.250017 0.0939
0 0.360703 0.465519 0.359810 0.442291 0.378687 0.441565 0.379580 0.464793 0.0547
0 0.446175 0.543585 0.441969 0.518352 0.455483 0.516100 0.459688 0.541332 0.2901
0 0.551432 0.246094 0.537109 0.246094 0.537109 0.225911 0.551432 0.225911 0.2174
0 0.461930 0.542667 0.451749 0.540758 0.454307 0.527118 0.464488 0.529027 0.0960
0 0.013672 0.034505 0.000000 0.034505 0.000000 0.011068 0.013672 0.011068 0.1246
0 0.460865 0.543080 0.452193 0.540767 0.455802 0.527233 0.464474 0.529545 0.1846
0 0.527344 0.452474 0.520833 0.452474 0.520833 0.434245 0.527344 0.434245 0.0958
0 0.561849 0.270182 0.538412 0.258464 0.555469 0.224349 0.578906 0.236068 0.0566
0 0.521484 0.444661 0.511719 0.444661 0.511719 0.419271 0.521484 0.419271 0.0509
0 0.526853 0.453145 0.517398 0.451963 0.519932 0.431691 0.529387 0.432873 0.1152
0 0.522135 0.452474 0.512370 0.452474 0.512370 0.420573 0.522135 0.420573 0.4875
0 0.527995 0.452474 0.522135 0.452474 0.522135 0.434245 0.527995 0.434245 0.0820
0 0.610850 0.501978 0.609551 0.477307 0.615053 0.477018 0.616351 0.501689 0.0820
0 0.527344 0.451823 0.521484 0.451823 0.521484 0.434896 0.527344 0.434896 0.4095
0 0.529964 0.262513 0.515831 0.251207 0.529424 0.234216 0.543556 0.245522 0.1130
0 0.522786 0.440755 0.512370 0.440755 0.512370 0.419271 0.522786 0.419271 0.0691
0 0.541016 0.257161 0.522786 0.257161 0.522786 0.229167 0.541016 0.229167 0.1604
0 0.617839 0.507161 0.610677 0.507161 0.610677 0.477214 0.617839 0.477214 0.1163
0 0.536458 0.257161 0.522135 0.257161 0.522135 0.229818 0.536458 0.229818 0.1548
