0 0.250121 0.726039 0.235904 0.722759 0.238603 0.711062 0.252820 0.714343 0.1025
0 0.632886 0.099658 0.585523 0.093917 0.589593 0.060339 0.636956 0.066080 0.6536
0 0.429557 0.240625 0.411393 0.234570 0.420964 0.205859 0.439128 0.211914 0.1851
0 0.475216 0.337352 0.456358 0.329809 0.458962 0.323298 0.477820 0.330841 0.2260
0 0.044524 0.355616 0.042510 0.323393 0.072017 0.321549 0.074031 0.353772 0.1143
0 0.272311 0.309670 0.262796 0.307767 0.267954 0.281976 0.277469 0.283879 0.0685
0 0.241536 0.425781 0.228516 0.425781 0.228516 0.411458 0.241536 0.411458 0.1231
0 0.400087 0.419547 0.394014 0.403352 0.404787 0.399312 0.410861 0.415507 0.0657
0 0.479271 0.255130 0.444818 0.250208 0.447396 0.232161 0.481849 0.237083 0.2569
0 0.243828 0.622162 0.230182 0.611927 0.244870 0.592344 0.258516 0.602578 0.1200
0 0.595573 0.115495 0.591146 0.113281 0.599219 0.097135 0.603646 0.099349 0.1062
0 0.480339 0.157161 0.459766 0.146875 0.464453 0.137500 0.485026 0.147786 0.1848
0 0.068905 0.350615 0.037540 0.341321 0.045454 0.314611 0.076820 0.323904 0.1190
0 0.459402 0.229727 0.439588 0.218582 0.445030 0.208907 0.464844 0.220052 0.2174
0 0.631137 0.097971 0.617871 0.094909 0.623610 0.070042 0.636876 0.073103 0.1400
0 0.414714 0.206380 0.401693 0.206380 0.401693 0.186198 0.414714 0.186198 0.3219
0 0.405273 0.416992 0.394531 0.406250 0.400065 0.400716 0.410807 0.411458 0.4039
0 0.292464 0.271361 0.280992 0.266444 0.295573 0.232422 0.307045 0.237338 0.0679
0 0.091471 0.067383 0.085938 0.061849 0.100260 0.047526 0.105794 0.053060 0.1167
0 0.583282 0.136280 0.576026 0.131744 0.599580 0.094057 0.606837 0.098593 0.0504
0 0.486353 0.349484 0.465570 0.345328 0.467648 0.334936 0.488431 0.339093 0.0582
0 0.421224 0.333984 0.391927 0.333984 0.391927 0.322266 0.421224 0.322266 0.2755
0 0.453039 0.187178 0.435955 0.184481 0.441455 0.149645 0.458539 0.152342 0.0657
0 0.025083 0.377252 0.000000 0.360868 0.009596 0.345670 0.034916 0.362054 0.3598
0 0.409505 0.330078 0.390625 0.330078 0.390625 0.319010 0.409505 0.319010 0.0681
0 0.053835 0.349379 0.035807 0.328776 0.060466 0.307199 0.078494 0.327802 0.0601
0 0.049479 0.357422 0.033203 0.357422 0.033203 0.343750 0.049479 0.343750 0.1014
0 0.407330 0.350679 0.405205 0.343771 0.420668 0.339013 0.422794 0.345921 0.0850
0 0.553906 0.105729 0.527344 0.092448 0.532552 0.082031 0.559115 0.095313 0.0564
0 0.263600 0.220507 0.241584 0.210285 0.252223 0.187370 0.274240 0.197591 0.0525
0 0.421388 0.099023 0.404441 0.098055 0.406875 0.055467 0.423821 0.056436 0.1948
0 0.048708 0.357366 0.025072 0.343060 0.045184 0.309831 0.068820 0.324138 0.0541
0 0.478168 0.244643 0.457200 0.232412 0.463953 0.220835 0.484921 0.233066 0.1927
0 0.474866 0.159656 0.449430 0.133063 0.458935 0.123972 0.484371 0.150564 0.1367
0 0.634766 0.089844 0.588542 0.089844 0.588542 0.062500 0.634766 0.062500 0.2332
0 0.474327 0.342531 0.471684 0.333543 0.491634 0.327675 0.494277 0.336663 0.1348
0 0.453891 0.251494 0.443321 0.248851 0.447917 0.230469 0.458487 0.233111 0.2609
0 0.026953 0.377734 0.000000 0.363802 0.007682 0.346615 0.035547 0.360547 0.0967
0 0.471704 0.450525 0.455995 0.429102 0.465845 0.421879 0.481554 0.443301 0.1594
0 0.423581 0.318830 0.396233 0.317641 0.396586 0.309504 0.423935 0.310693 0.2029
0 0.432081 0.239548 0.412760 0.236328 0.417705 0.206662 0.437025 0.209882 0.1903
0 0.030254 0.334559 0.023131 0.306066 0.031250 0.304036 0.038373 0.332529 0.3414
0 0.253906 0.565755 0.240234 0.565755 0.240234 0.548177 0.253906 0.548177 0.0800
0 0.397214 0.445572 0.377176 0.434885 0.382078 0.425693 0.402116 0.436380 0.1301
0 0.611328 0.086589 0.588542 0.086589 0.588542 0.061849 0.611328 0.061849 0.1518
0 0.052364 0.359085 0.041146 0.357682 0.043179 0.341416 0.054397 0.342818 0.0720
0 0.474089 0.338932 0.455859 0.329818 0.458333 0.324870 0.476563 0.333984 0.1299
0 0.293015 0.271465 0.281489 0.266719 0.295309 0.233156 0.306835 0.237902 0.0846
0 0.349740 0.198958 0.323438 0.185807 0.333073 0.166536 0.359375 0.179688 0.0509
0 0.467884 0.458172 0.442979 0.434824 0.449212 0.428176 0.474117 0.451524 0.3588
0 0.492188 0.340495 0.458984 0.340495 0.458984 0.328125 0.492188 0.328125 0.2431
0 0.382038 0.436286 0.368102 0.433963 0.369281 0.426890 0.383217 0.429212 0.1330
0 0.425781 0.319010 0.397135 0.319010 0.397135 0.309896 0.425781 0.309896 0.5674
0 0.388672 0.245443 0.369792 0.245443 0.369792 0.227865 0.388672 0.227865 0.1234
0 0.426432 0.320964 0.398438 0.320964 0.398438 0.309896 0.426432 0.309896 0.1751
0 0.397742 0.445425 0.368894 0.433886 0.372845 0.424008 0.401693 0.435547 0.6570
0 0.471035 0.157546 0.448721 0.136090 0.456853 0.127633 0.479167 0.149089 0.1606
0 0.157813 0.432812 0.149219 0.415625 0.171615 0.404427 0.180208 0.421615 0.1840
0 0.291732 0.273001 0.280384 0.269597 0.287981 0.244272 0.299330 0.247677 0.1416
0 0.073110 0.346063 0.037634 0.343698 0.039466 0.316216 0.074942 0.318581 0.0759
0 0.419539 0.338120 0.391046 0.330997 0.393689 0.320427 0.422181 0.327551 0.6335
0 0.350260 0.197917 0.328125 0.186849 0.336719 0.169661 0.358854 0.180729 0.0887
0 0.139974 0.315104 0.126302 0.315104 0.126302 0.303385 0.139974 0.303385 0.1631
0 0.048194 0.353945 0.026554 0.334928 0.049504 0.308813 0.071144 0.327830 0.2157
0 0.210355 0.456230 0.203358 0.454918 0.206653 0.437348 0.213650 0.438660 0.0935
0 0.633176 0.124056 0.586566 0.122371 0.588754 0.061825 0.635365 0.063510 0.3737
0 0.024311 0.376089 0.000000 0.359925 0.006901 0.344754 0.033522 0.360917 0.1301
0 0.280078 0.329818 0.259388 0.326862 0.264713 0.289583 0.285404 0.292539 0.0820
0 0.516927 0.147135 0.500651 0.147135 0.500651 0.132161 0.516927 0.132161 0.0676
0 0.414714 0.338542 0.390299 0.330404 0.393815 0.319857 0.418229 0.327995 0.1978
0 0.546484 0.101042 0.525651 0.090625 0.530469 0.080990 0.551302 0.091406 0.1716
0 0.045757 0.337565 0.042012 0.321512 0.070619 0.314837 0.074365 0.330890 0.1610
0 0.448904 0.252915 0.447421 0.243647 0.478297 0.238707 0.479780 0.247975 0.4363
0 0.455143 0.224414 0.440885 0.219661 0.443620 0.211458 0.457878 0.216211 0.2411
0 0.552784 0.104305 0.525977 0.091690 0.530758 0.081531 0.557565 0.094147 0.6145
0 0.425814 0.375872 0.400234 0.363756 0.405232 0.353205 0.430811 0.365321 0.0512
0 0.389324 0.243914 0.362271 0.240386 0.370312 0.178736 0.397365 0.182265 0.0590
0 0.423777 0.373677 0.401976 0.364758 0.404994 0.357382 0.426795 0.366300 0.2097
0 0.351172 0.198698 0.328255 0.187240 0.336458 0.170833 0.359375 0.182292 0.0908
0 0.042114 0.357803 0.039781 0.328640 0.057273 0.327241 0.059606 0.356403 0.1021
0 0.490468 0.340003 0.457621 0.330619 0.461085 0.318495 0.493932 0.327879 0.5115
0 0.571449 0.196269 0.565680 0.191782 0.576022 0.178486 0.581791 0.182973 0.3063
0 0.477926 0.243635 0.467203 0.234444 0.475337 0.224954 0.486060 0.234145 0.1230
0 0.252279 0.586263 0.240885 0.574870 0.251953 0.563802 0.263346 0.575195 0.0577
0 0.237630 0.005859 0.225260 0.005859 0.225260 0.000000 0.237630 0.000000 0.1686
0 0.490667 0.334861 0.459258 0.329835 0.460871 0.319755 0.492280 0.324780 0.2741
0 0.478516 0.328776 0.460938 0.328776 0.460938 0.321615 0.478516 0.321615 0.1905
0 0.457031 0.222656 0.441406 0.222656 0.441406 0.212891 0.457031 0.212891 0.1428
0 0.469072 0.453469 0.452754 0.428366 0.465592 0.420021 0.481909 0.445125 0.1426
0 0.254557 0.695313 0.247526 0.691797 0.252604 0.681641 0.259635 0.685156 0.0551
0 0.476823 0.457813 0.468490 0.453646 0.475260 0.440104 0.483594 0.444271 0.0734
0 0.438955 0.187379 0.436598 0.159092 0.454863 0.157570 0.457220 0.185857 0.2149
0 0.542121 0.033240 0.530255 0.029850 0.535291 0.012222 0.547158 0.015613 0.2178
0 0.454505 0.252009 0.453137 0.243351 0.478646 0.239323 0.480013 0.247982 0.2130
0 0.390090 0.089318 0.372396 0.082682 0.382242 0.056427 0.399936 0.063062 0.0667
0 0.040704 0.337314 0.015970 0.320495 0.027231 0.303934 0.051966 0.320753 0.2942
0 0.475911 0.250651 0.444661 0.250651 0.444661 0.232422 0.475911 0.232422 0.1452
0 0.480895 0.240902 0.455649 0.228880 0.461232 0.217154 0.486479 0.229176 0.3106
0 0.468598 0.458842 0.442286 0.434174 0.457533 0.417911 0.483846 0.442578 0.4885
0 0.481308 0.240519 0.439105 0.222750 0.444473 0.210002 0.486676 0.227771 0.5546
0 0.492839 0.335938 0.473307 0.335938 0.473307 0.326172 0.492839 0.326172 0.2643
0 0.478285 0.158617 0.450862 0.137426 0.457377 0.128996 0.484799 0.150186 0.4462
0 0.252279 0.585612 0.241862 0.575195 0.252279 0.564779 0.262695 0.575195 0.0799
0 0.491230 0.337163 0.471163 0.332146 0.473729 0.321883 0.493796 0.326900 0.2104
0 0.467122 0.458008 0.443685 0.434570 0.448568 0.429688 0.472005 0.453125 0.1845
0 0.052734 0.357422 0.042969 0.357422 0.042969 0.341146 0.052734 0.341146 0.1726
0 0.605469 0.087240 0.587891 0.087240 0.587891 0.063802 0.605469 0.063802 0.1594
0 0.632468 0.098231 0.620071 0.097277 0.621710 0.075969 0.634107 0.076922 0.1351
0 0.072391 0.360001 0.061869 0.357131 0.065760 0.342864 0.076282 0.345733 0.2297
0 0.289453 0.273307 0.279297 0.268229 0.295182 0.236458 0.305339 0.241536 0.0547
0 0.467677 0.044406 0.445124 0.040937 0.446276 0.033451 0.468829 0.036921 0.0656
0 0.397982 0.444727 0.368685 0.434961 0.372070 0.424805 0.401367 0.434570 0.1736
0 0.469109 0.048129 0.447925 0.041899 0.450392 0.033510 0.471576 0.039741 0.3453
