0 0.706721 0.890056 0.689184 0.870182 0.715325 0.847117 0.732861 0.866991 0.1070
0 0.938151 0.582031 0.923177 0.582031 0.923177 0.565104 0.938151 0.565104 0.0936
0 0.790365 0.517578 0.771484 0.517578 0.771484 0.503906 0.790365 0.503906 0.0600
0 0.812500 0.555990 0.794271 0.555990 0.794271 0.503906 0.812500 0.503906 0.1555
0 0.740534 0.492430 0.736588 0.454948 0.744248 0.454142 0.748193 0.491624 0.0719
0 0.982031 0.505729 0.972323 0.504982 0.975590 0.462515 0.985298 0.463262 0.0996
0 0.812500 0.556641 0.793620 0.556641 0.793620 0.502604 0.812500 0.502604 0.8001
0 0.809896 0.522786 0.794922 0.522786 0.794922 0.501953 0.809896 0.501953 0.0666
0 0.671162 0.960982 0.656910 0.941028 0.673045 0.929503 0.687298 0.949456 0.0875
0 0.758784 0.502564 0.754607 0.469151 0.766787 0.467628 0.770964 0.501042 0.0651
0 0.882812 0.843750 0.865104 0.834896 0.874740 0.815625 0.892448 0.824479 0.0543
0 0.998569 0.495154 0.986759 0.494641 0.987924 0.467857 0.999733 0.468370 0.0643
0 0.725911 0.446615 0.698568 0.446615 0.698568 0.390625 0.725911 0.390625 0.1479
0 0.764844 0.598047 0.756120 0.580599 0.772266 0.572526 0.780990 0.589974 0.1414
0 0.969894 0.764746 0.957752 0.763937 0.959800 0.733214 0.971942 0.734024 0.0528
0 0.643880 0.826172 0.629232 0.811523 0.647461 0.793294 0.662109 0.807943 0.0616
0 0.809245 0.556641 0.795573 0.556641 0.795573 0.528646 0.809245 0.528646 0.0650
0 0.882812 0.843099 0.865625 0.834505 0.874740 0.816276 0.891927 0.824870 0.0707
0 0.970703 0.764974 0.957682 0.764974 0.957682 0.732422 0.970703 0.732422 0.4074
0 0.700054 0.863156 0.678152 0.843687 0.705990 0.812370 0.727891 0.831838 0.0609
0 0.527018 0.931315 0.483073 0.887370 0.527669 0.842773 0.571615 0.886719 0.0745
0 0.276042 0.847656 0.256510 0.847656 0.256510 0.826172 0.276042 0.826172 0.0706
0 0.972656 0.781250 0.955729 0.781250 0.955729 0.768880 0.972656 0.768880 0.0563
0 0.629609 0.934531 0.613116 0.900045 0.635323 0.889424 0.651817 0.923910 0.0822
0 0.946639 0.904315 0.919235 0.883360 0.948026 0.845710 0.975430 0.866666 0.1060
0 0.795741 0.555745 0.791990 0.503232 0.811238 0.501857 0.814988 0.554370 0.0711
0 0.485677 0.883464 0.461589 0.883464 0.461589 0.851562 0.485677 0.851562 0.0994
0 0.830729 0.946615 0.816081 0.931966 0.833984 0.914063 0.848633 0.928711 0.1039
0 0.970052 0.764323 0.957682 0.764323 0.957682 0.734375 0.970052 0.734375 0.0967
0 0.743942 0.544874 0.736307 0.492957 0.758218 0.489734 0.765853 0.541652 0.0507
0 0.183594 0.999349 0.164714 0.999349 0.164714 0.974609 0.183594 0.974609 0.0974
0 0.979401 0.506191 0.972207 0.505615 0.975604 0.463152 0.982798 0.463728 0.0880
0 0.975911 0.751302 0.969401 0.751302 0.969401 0.736328 0.975911 0.736328 0.0915
0 0.832189 0.534839 0.814519 0.523480 0.828015 0.502487 0.845684 0.513846 0.0919
0 0.795509 0.557238 0.790615 0.503410 0.811748 0.501489 0.816641 0.555317 0.0738
0 0.970052 0.764323 0.957682 0.764323 0.957682 0.733073 0.970052 0.733073 0.0932
0 0.614483 0.860897 0.601230 0.846981 0.625208 0.824145 0.638461 0.838060 0.1213
0 0.795769 0.695469 0.777560 0.693041 0.780408 0.671676 0.798618 0.674104 0.1012
0 0.805210 0.813847 0.772509 0.801086 0.790255 0.755610 0.822956 0.768372 0.0589
0 0.698109 0.426923 0.691710 0.426342 0.694699 0.393469 0.701097 0.394051 0.0610
0 0.969604 0.750685 0.968405 0.735103 0.975425 0.734563 0.976624 0.750145 0.0536
0 0.886198 0.826563 0.868229 0.817578 0.881120 0.791797 0.899089 0.800781 0.0544
