0 0.327474 0.524740 0.300781 0.524740 0.300781 0.501302 0.327474 0.501302 0.1650
0 0.301088 0.525699 0.299788 0.502298 0.320629 0.501140 0.321929 0.524541 0.1264
0 0.742120 0.106928 0.691911 0.085410 0.709793 0.043687 0.760001 0.065205 0.6867
0 0.527722 0.455774 0.521655 0.277418 0.561588 0.276059 0.567655 0.454416 0.1515
0 0.586589 0.421875 0.567708 0.421875 0.567708 0.377604 0.586589 0.377604 0.0696
0 0.339193 0.496094 0.296224 0.496094 0.296224 0.463542 0.339193 0.463542 0.0661
0 0.251789 0.530162 0.250422 0.502139 0.316876 0.498897 0.318243 0.526921 0.1386
0 0.621745 0.017578 0.589844 0.017578 0.589844 0.007812 0.621745 0.007812 0.1853
0 0.527215 0.455262 0.521130 0.278793 0.559048 0.277485 0.565133 0.453955 0.1016
0 0.293620 0.501302 0.250000 0.501302 0.250000 0.468750 0.293620 0.468750 0.6542
0 0.592348 0.055839 0.590715 0.042778 0.625731 0.038401 0.627364 0.051462 0.8297
0 0.571865 0.441965 0.555761 0.382148 0.599981 0.370242 0.616086 0.430059 0.1357
0 0.621745 0.014974 0.587240 0.014974 0.587240 0.003906 0.621745 0.003906 0.5288
0 0.737451 0.098756 0.723173 0.065441 0.747059 0.055204 0.761337 0.088519 0.0806
0 0.688802 0.009766 0.664714 0.009766 0.664714 0.000000 0.688802 0.000000 0.4217
0 0.586505 0.014036 0.584203 0.003512 0.612298 0.000000 0.614600 0.007890 0.1928
0 0.729753 0.191602 0.709440 0.184831 0.725781 0.135807 0.746094 0.142578 0.1056
0 0.586820 0.013200 0.586201 0.000527 0.622082 0.000000 0.622700 0.011450 0.2883
0 0.382088 0.523760 0.351315 0.522361 0.352444 0.497525 0.383217 0.498923 0.1356
0 0.330729 0.524089 0.301432 0.524089 0.301432 0.500651 0.330729 0.500651 0.2021
0 0.653151 0.179896 0.633854 0.154167 0.645729 0.145260 0.665026 0.170990 0.1615
0 0.589352 0.433805 0.588065 0.395220 0.600443 0.394807 0.601729 0.433393 0.0657
0 0.391605 0.497179 0.364342 0.495527 0.366046 0.467398 0.393310 0.469051 0.1525
0 0.546875 0.102214 0.533854 0.102214 0.533854 0.076823 0.546875 0.076823 0.1725
0 0.376563 0.531120 0.355078 0.523958 0.363932 0.497396 0.385417 0.504557 0.2135
0 0.378556 0.529748 0.354267 0.524890 0.359600 0.498222 0.383889 0.503080 0.2160
0 0.291667 0.500651 0.249349 0.500651 0.249349 0.469401 0.291667 0.469401 0.2044
0 0.365134 0.496871 0.361793 0.468466 0.390123 0.465133 0.393465 0.493538 0.2797
0 0.378110 0.521149 0.348362 0.513036 0.354492 0.490560 0.384240 0.498673 0.0533
0 0.379063 0.502813 0.345430 0.498008 0.347018 0.486888 0.380651 0.491693 0.0546
0 0.298200 0.499290 0.295689 0.470410 0.339796 0.466575 0.342307 0.495455 0.1458
0 0.589615 0.318492 0.556151 0.297982 0.569812 0.275693 0.603276 0.296203 0.0738
0 0.682292 0.014323 0.660807 0.014323 0.660807 0.000000 0.682292 0.000000 0.0562
0 0.381310 0.526342 0.352304 0.522716 0.356050 0.492748 0.385056 0.496374 0.0962
0 0.606771 0.434245 0.589193 0.434245 0.589193 0.393229 0.606771 0.393229 0.0702
0 0.590985 0.433493 0.584621 0.371446 0.603867 0.369472 0.610231 0.431519 0.0818
0 0.586318 0.014220 0.584977 0.000812 0.620172 0.000000 0.621513 0.010700 0.2034
0 0.271675 0.497597 0.270535 0.469101 0.294533 0.468141 0.295673 0.496637 0.1475
0 0.271480 0.497194 0.270766 0.467202 0.390892 0.464341 0.391606 0.494334 0.1391
0 0.602214 0.052083 0.589193 0.052083 0.589193 0.044271 0.602214 0.044271 0.0727
0 0.253460 0.527398 0.252659 0.501748 0.297395 0.500350 0.298196 0.526000 0.1506
0 0.391927 0.494792 0.365885 0.494792 0.365885 0.468099 0.391927 0.468099 0.1971
0 0.613932 0.017578 0.584635 0.017578 0.584635 0.007812 0.613932 0.007812 0.1471
0 0.269531 0.499349 0.250000 0.499349 0.250000 0.471354 0.269531 0.471354 0.2444
0 0.382965 0.520364 0.339819 0.519057 0.340632 0.492211 0.383778 0.493519 0.1138
0 0.380287 0.527746 0.299138 0.524112 0.300391 0.496135 0.381540 0.499768 0.4904
0 0.689453 0.012370 0.663411 0.012370 0.663411 0.000000 0.689453 0.000000 0.2354
0 0.719389 0.190948 0.700381 0.176528 0.726151 0.142558 0.745160 0.156978 0.1042
0 0.692708 0.011719 0.674479 0.011719 0.674479 0.000000 0.692708 0.000000 0.0711
0 0.390625 0.497396 0.324870 0.497396 0.324870 0.468099 0.390625 0.468099 0.0577
0 0.571510 0.440677 0.562708 0.379063 0.583307 0.376120 0.592109 0.437734 0.8787
0 0.719354 0.190958 0.692606 0.170451 0.723225 0.130514 0.749973 0.151021 0.0707
0 0.304688 0.421224 0.264974 0.421224 0.264974 0.356771 0.304688 0.356771 0.0895
0 0.690755 0.014974 0.662109 0.014974 0.662109 0.000000 0.690755 0.000000 0.0701
0 0.945768 0.092383 0.936979 0.089453 0.941927 0.074609 0.950716 0.077539 0.1261
0 0.297031 0.499468 0.296302 0.468503 0.390291 0.466292 0.391020 0.497256 0.4475
0 0.382161 0.526693 0.351562 0.526693 0.351562 0.500651 0.382161 0.500651 0.1983
0 0.252494 0.529380 0.250903 0.502321 0.297807 0.499562 0.299398 0.526621 0.1156
0 0.591708 0.016731 0.582575 0.013306 0.586268 0.003460 0.595400 0.006885 0.1312
0 0.251857 0.528649 0.250078 0.468154 0.390142 0.464035 0.391921 0.524529 0.0987
0 0.390500 0.497292 0.337313 0.494633 0.338775 0.465376 0.391963 0.468036 0.1371
0 0.616536 0.025391 0.583984 0.025391 0.583984 0.013021 0.616536 0.013021 0.2044
0 0.380675 0.527593 0.299220 0.524151 0.300428 0.495565 0.381883 0.499007 0.1375
0 0.621094 0.025391 0.584635 0.025391 0.584635 0.013021 0.621094 0.013021 0.2071
0 0.252281 0.527193 0.250664 0.469369 0.390205 0.465466 0.391823 0.523290 0.1916
0 0.264797 0.474525 0.255639 0.418352 0.355474 0.402074 0.364633 0.458247 0.0837
0 0.363786 0.496921 0.361099 0.468263 0.390524 0.465504 0.393211 0.494163 0.2062
0 0.688151 0.008464 0.666667 0.008464 0.666667 0.000000 0.688151 0.000000 0.3294
0 0.689453 0.013021 0.664062 0.013021 0.664062 0.000000 0.689453 0.000000 0.1929
0 0.622396 0.014323 0.593099 0.014323 0.593099 0.003906 0.622396 0.003906 0.1951
0 0.585071 0.025852 0.584225 0.012314 0.621393 0.009991 0.622239 0.023529 0.1301
0 0.271903 0.497051 0.271401 0.464653 0.392304 0.462779 0.392806 0.495177 0.0862
0 0.252490 0.527018 0.251621 0.467510 0.390416 0.465484 0.391284 0.524991 0.6218
0 0.375740 0.530795 0.358403 0.524294 0.367473 0.500107 0.384810 0.506609 0.1999
0 0.689453 0.013672 0.662760 0.013672 0.662760 0.000000 0.689453 0.000000 0.0525
0 0.618490 0.024740 0.584635 0.024740 0.584635 0.013672 0.618490 0.013672 0.6479
0 0.294922 0.498047 0.271484 0.498047 0.271484 0.468750 0.294922 0.468750 0.1639
0 0.621094 0.018880 0.587240 0.018880 0.587240 0.007161 0.621094 0.007161 0.3223
0 0.391276 0.496745 0.339844 0.496745 0.339844 0.467448 0.391276 0.467448 0.1516
0 0.599609 0.291667 0.569141 0.281510 0.573047 0.269792 0.603516 0.279948 0.7106
0 0.688151 0.008464 0.664714 0.008464 0.664714 0.000000 0.688151 0.000000 0.1100
0 0.689453 0.014323 0.662760 0.014323 0.662760 0.000000 0.689453 0.000000 0.0700
0 0.600911 0.052734 0.589844 0.052734 0.589844 0.044922 0.600911 0.044922 0.1340
0 0.382161 0.524740 0.332682 0.524740 0.332682 0.498698 0.382161 0.498698 0.1316
0 0.302941 0.526151 0.300498 0.501721 0.328989 0.498872 0.331432 0.523302 0.2107
0 0.622396 0.013021 0.587891 0.013021 0.587891 0.000000 0.622396 0.000000 0.2568
0 0.619792 0.024740 0.583984 0.024740 0.583984 0.011068 0.619792 0.011068 0.0734
0 0.585296 0.018581 0.581798 0.008963 0.595651 0.003925 0.599148 0.013544 0.1007
0 0.621094 0.018229 0.586589 0.018229 0.586589 0.006510 0.621094 0.006510 0.4390
0 0.573128 0.444037 0.566505 0.388842 0.585425 0.386572 0.592048 0.441767 0.0772
0 0.586827 0.022926 0.586081 0.010255 0.620811 0.008212 0.621556 0.020883 0.1974
0 0.382161 0.526693 0.352865 0.526693 0.352865 0.501302 0.382161 0.501302 0.2010
0 0.287917 0.498291 0.277934 0.469880 0.297841 0.462886 0.307823 0.491297 0.0730
0 0.300130 0.498047 0.251302 0.498047 0.251302 0.467448 0.300130 0.467448 0.1220
0 0.390895 0.502779 0.325727 0.495538 0.329411 0.462383 0.394579 0.469623 0.0597
0 0.254163 0.528032 0.253228 0.501838 0.298557 0.500219 0.299492 0.526413 0.1880
0 0.688151 0.013021 0.662109 0.013021 0.662109 0.000000 0.688151 0.000000 0.0533
0 0.719304 0.187821 0.695517 0.167315 0.726837 0.130984 0.750624 0.151490 0.0992
0 0.379608 0.526625 0.359812 0.523132 0.364347 0.497431 0.384143 0.500924 0.1755
0 0.621745 0.017578 0.587891 0.017578 0.587891 0.007161 0.621745 0.007161 0.1100
0 0.719354 0.190958 0.692606 0.170451 0.723225 0.130514 0.749973 0.151021 0.6243
0 0.621094 0.011719 0.585286 0.011719 0.585286 0.000000 0.621094 0.000000 0.1768
0 0.653255 0.179818 0.633958 0.154089 0.645625 0.145339 0.664922 0.171068 0.8665
0 0.295450 0.524828 0.288763 0.503097 0.307795 0.497241 0.314481 0.518972 0.1224
0 0.690104 0.009115 0.669271 0.009115 0.669271 0.000000 0.690104 0.000000 0.0938
0 0.622400 0.344509 0.556435 0.295567 0.573399 0.272703 0.639364 0.321645 0.9011
0 0.600647 0.292099 0.566632 0.282651 0.570409 0.269052 0.604424 0.278500 0.0742
0 0.596354 0.051432 0.588542 0.051432 0.588542 0.043620 0.596354 0.043620 0.0742
0 0.740931 0.095335 0.727209 0.065931 0.746883 0.056750 0.760604 0.086154 0.1108
0 0.621745 0.011068 0.586589 0.011068 0.586589 0.000000 0.621745 0.000000 0.0509
0 0.375318 0.531687 0.356850 0.524083 0.367515 0.498182 0.385983 0.505786 0.1867
0 0.590454 0.434134 0.585823 0.372388 0.604921 0.370956 0.609552 0.432702 0.1351
0 0.587670 0.022094 0.586555 0.010389 0.620596 0.007147 0.621711 0.018852 0.2736
0 0.261577 0.527027 0.260009 0.501938 0.298352 0.499542 0.299920 0.524631 0.1309
0 0.600761 0.289814 0.568460 0.283353 0.570989 0.270708 0.603290 0.277168 0.1374
0 0.732031 0.106641 0.716146 0.074870 0.728906 0.068490 0.744792 0.100260 0.0600
0 0.621745 0.054036 0.589193 0.054036 0.589193 0.043620 0.621745 0.043620 0.0649
0 0.586563 0.013805 0.584925 0.001524 0.618529 0.000000 0.620167 0.009325 0.2807
0 0.570603 0.440475 0.562971 0.379417 0.583163 0.376893 0.590795 0.437951 0.1754
0 0.689453 0.010417 0.664062 0.010417 0.664062 0.000000 0.689453 0.000000 0.1619
0 0.525902 0.457566 0.521105 0.275315 0.564130 0.274183 0.568926 0.456434 0.8018
0 0.250562 0.499628 0.249511 0.472299 0.268763 0.471559 0.269814 0.498887 0.2803
0 0.595716 0.055430 0.593919 0.042852 0.626367 0.038216 0.628164 0.050794 0.1387
0 0.573959 0.440584 0.561140 0.378626 0.601247 0.370328 0.614066 0.432286 0.0835
0 0.693359 0.008464 0.675781 0.008464 0.675781 0.000000 0.693359 0.000000 0.0769
0 0.592448 0.055990 0.590805 0.042849 0.626142 0.038431 0.627784 0.051573 0.1703
0 0.621259 0.344587 0.557308 0.294539 0.575154 0.271736 0.639105 0.321784 0.1825
0 0.587477 0.021316 0.586550 0.009268 0.620604 0.006648 0.621530 0.018696 0.4785
0 0.253542 0.528047 0.252701 0.501136 0.298941 0.499691 0.299782 0.526602 0.6575
0 0.595543 0.055359 0.593910 0.042298 0.626442 0.038231 0.628075 0.051292 0.0995
0 0.621413 0.341705 0.581845 0.303301 0.598545 0.286095 0.638113 0.324499 0.0757
0 0.572465 0.443595 0.570222 0.389761 0.588230 0.389010 0.590473 0.442845 0.0758
0 0.390993 0.497832 0.294205 0.491967 0.296364 0.456349 0.393152 0.462215 0.0503
0 0.689453 0.014323 0.662109 0.014323 0.662109 0.000000 0.689453 0.000000 0.0572
0 0.729317 0.109926 0.694060 0.057041 0.713441 0.044121 0.748698 0.097005 0.2604
0 0.363389 0.497797 0.359856 0.468652 0.390051 0.464992 0.393584 0.494137 0.2150
0 0.586802 0.013277 0.586141 0.000390 0.621472 0.000000 0.622132 0.011465 0.4314
0 0.621745 0.012370 0.586589 0.012370 0.586589 0.000000 0.621745 0.000000 0.5685
0 0.379385 0.528209 0.326089 0.523507 0.328123 0.500459 0.381419 0.505162 0.1892
0 0.616536 0.015625 0.585286 0.015625 0.585286 0.005859 0.616536 0.005859 0.1411
0 0.590571 0.434393 0.584631 0.372024 0.604171 0.370163 0.610111 0.432532 0.8896
0 0.380585 0.525834 0.299120 0.524499 0.299586 0.496074 0.381051 0.497410 0.1321
0 0.621745 0.011068 0.586589 0.011068 0.586589 0.000000 0.621745 0.000000 0.4549
