0 0.180351 0.314171 0.179491 0.311161 0.185338 0.309490 0.186198 0.312500 0.0798
0 0.095052 0.014974 0.087240 0.014974 0.087240 0.009115 0.095052 0.009115 0.0639
0 0.104167 0.156901 0.076172 0.156901 0.076172 0.143229 0.104167 0.143229 0.0594
0 0.533306 0.153096 0.511294 0.148968 0.516158 0.123025 0.538171 0.127152 0.0594
0 0.223568 0.978646 0.213151 0.973438 0.223177 0.953386 0.233594 0.958594 0.0594
0 0.437500 0.089844 0.423177 0.089844 0.423177 0.076823 0.437500 0.076823 0.1111
0 0.102865 0.154948 0.076823 0.154948 0.076823 0.143880 0.102865 0.143880 0.1713
0 0.126376 0.028388 0.088370 0.017529 0.091981 0.004889 0.129987 0.015748 0.2234
0 0.095703 0.014323 0.089193 0.014323 0.089193 0.007812 0.095703 0.007812 0.0704
0 0.126511 0.029034 0.100469 0.021222 0.103928 0.009694 0.129969 0.017506 0.0621
0 0.110026 0.169922 0.080078 0.169922 0.080078 0.154297 0.110026 0.154297 0.0643
0 0.128255 0.026042 0.112630 0.026042 0.112630 0.013021 0.128255 0.013021 0.0837
0 0.126750 0.029106 0.091928 0.018659 0.095691 0.006116 0.130513 0.016563 0.1312
0 0.091146 0.016927 0.086914 0.012695 0.090820 0.008789 0.095052 0.013021 0.0665
0 0.106124 0.024269 0.088136 0.012822 0.092961 0.005239 0.110949 0.016686 0.0818
0 0.083046 0.159182 0.073922 0.148918 0.079418 0.144033 0.088542 0.154297 0.0653
0 0.311566 0.041028 0.295853 0.026624 0.305609 0.015981 0.321322 0.030385 0.0957
0 0.103516 0.153646 0.077474 0.153646 0.077474 0.143880 0.103516 0.143880 0.1408
0 0.102865 0.155599 0.077474 0.155599 0.077474 0.144531 0.102865 0.144531 0.6501
0 0.533677 0.152636 0.513905 0.148929 0.518725 0.123221 0.538497 0.126929 0.0589
0 0.134596 0.030617 0.119399 0.024918 0.123038 0.015215 0.138235 0.020914 0.0524
0 0.126197 0.028663 0.087722 0.016825 0.091480 0.004610 0.129955 0.016448 0.7601
0 0.127474 0.029557 0.116536 0.024089 0.121354 0.014453 0.132292 0.019922 0.0613
0 0.198626 0.306968 0.184348 0.299181 0.196863 0.276237 0.211141 0.284024 0.0738
0 0.785807 0.021484 0.763021 0.021484 0.763021 0.000000 0.785807 0.000000 0.1322
0 0.125586 0.028190 0.088477 0.015820 0.092122 0.004883 0.129232 0.017253 0.0616
0 0.050843 0.984150 0.029370 0.976606 0.045207 0.931530 0.066680 0.939074 0.0837
0 0.681641 0.007812 0.676432 0.007812 0.676432 0.005208 0.681641 0.005208 0.0665
0 0.186492 0.316924 0.176575 0.313205 0.178929 0.306926 0.188847 0.310645 0.1042
0 0.108724 0.170573 0.078125 0.170573 0.078125 0.154297 0.108724 0.154297 0.0548
0 0.096354 0.014974 0.089193 0.014974 0.089193 0.007812 0.096354 0.007812 0.1159
0 0.099459 0.166116 0.076297 0.161483 0.078976 0.148087 0.102138 0.152719 0.0954
0 0.262675 0.980459 0.250270 0.946789 0.278600 0.936352 0.291005 0.970022 0.0601
0 0.130208 0.026042 0.115885 0.026042 0.115885 0.013021 0.130208 0.013021 0.0543
0 0.656381 0.087294 0.646981 0.064734 0.666212 0.056721 0.675612 0.079281 0.0936
0 0.630078 0.627214 0.596484 0.610417 0.606380 0.590625 0.639974 0.607422 0.0761
0 0.122417 0.028105 0.113932 0.013021 0.122093 0.008431 0.130577 0.023515 0.0531
