0 0.041867 0.269231 0.018880 0.253906 0.027194 0.241436 0.050180 0.256761 0.0525
0 0.029746 0.393701 0.024010 0.391242 0.028556 0.380635 0.034292 0.383093 0.0744
0 0.078125 0.072917 0.071615 0.072917 0.071615 0.066406 0.078125 0.066406 0.0609
0 0.025166 0.407642 0.017859 0.404510 0.027119 0.382902 0.034427 0.386034 0.0687
0 0.044271 0.366536 0.031576 0.353841 0.038737 0.346680 0.051432 0.359375 0.0587
0 0.034505 0.351563 0.024089 0.341146 0.028646 0.336589 0.039063 0.347005 0.0724
0 0.044271 0.365234 0.024089 0.345052 0.030599 0.338542 0.050781 0.358724 0.3079
0 0.045172 0.365184 0.029998 0.355068 0.034605 0.348157 0.049780 0.358273 0.0948
0 0.022786 0.570964 0.000000 0.570964 0.000000 0.559896 0.022786 0.559896 0.0899
0 0.098307 0.010417 0.090495 0.010417 0.090495 0.000000 0.098307 0.000000 0.0870
0 0.036133 0.354492 0.023763 0.342122 0.028646 0.337240 0.041016 0.349609 0.1074
0 0.024000 0.409264 0.017229 0.406139 0.028090 0.382606 0.034861 0.385731 0.2111
