0 0.619275 0.778329 0.594193 0.775270 0.602034 0.710979 0.627115 0.714038 0.0517
0 0.790230 0.558948 0.767612 0.518110 0.833009 0.481890 0.855627 0.522729 0.0875
0 0.214919 0.437466 0.160366 0.416685 0.179632 0.366112 0.234184 0.386894 0.0540
0 0.805234 0.499427 0.794297 0.497865 0.798164 0.470794 0.809102 0.472357 0.1916
0 0.416379 0.262848 0.396944 0.251187 0.419060 0.214327 0.438496 0.225988 0.0640
0 0.805065 0.499961 0.794310 0.498425 0.798255 0.470807 0.809011 0.472344 0.7683
0 0.101386 0.562061 0.069958 0.544297 0.097337 0.495857 0.128765 0.513621 0.0597
0 0.530301 0.917172 0.513006 0.902133 0.523714 0.889818 0.541009 0.904857 0.1089
0 0.428462 0.287416 0.406824 0.274433 0.434513 0.228286 0.456150 0.241268 0.0832
0 0.546259 0.934848 0.523978 0.898910 0.547661 0.884227 0.569942 0.920165 0.0579
0 0.303849 0.429459 0.295513 0.425754 0.301929 0.411317 0.310265 0.415022 0.0527
0 0.614193 0.741667 0.604297 0.736719 0.616667 0.711979 0.626563 0.716927 0.0530
0 0.132217 0.931207 0.091646 0.925972 0.096623 0.887404 0.137194 0.892639 0.0617
0 0.618490 0.783203 0.606771 0.771484 0.616211 0.762044 0.627930 0.773763 0.0578
0 0.564557 0.933536 0.542910 0.932859 0.543646 0.909323 0.565292 0.909999 0.1595
0 0.625017 0.988176 0.617838 0.986979 0.622220 0.960691 0.629399 0.961888 0.3400
0 0.790786 0.556584 0.770521 0.518511 0.834558 0.484427 0.854823 0.522500 0.0652
0 0.695312 0.666667 0.686849 0.666667 0.686849 0.644531 0.695312 0.644531 0.1832
0 0.799910 0.495633 0.797256 0.474399 0.803345 0.473638 0.806000 0.494872 0.0790
0 0.499740 0.742057 0.482813 0.733594 0.490104 0.719011 0.507031 0.727474 0.1486
0 0.800070 0.491056 0.798047 0.474870 0.802614 0.474299 0.804637 0.490485 0.0722
0 0.565033 0.928377 0.548098 0.926496 0.549860 0.910633 0.566795 0.912514 0.0691
0 0.790421 0.558701 0.769238 0.518452 0.835567 0.483542 0.856751 0.523791 0.0845
0 0.696615 0.666016 0.686198 0.666016 0.686198 0.630859 0.696615 0.630859 0.1389
0 0.544531 0.934375 0.533984 0.902734 0.562500 0.893229 0.573047 0.924870 0.0529
0 0.303909 0.429486 0.295513 0.425754 0.301929 0.411317 0.310325 0.415049 0.0528
0 0.624474 0.987655 0.617463 0.986253 0.622471 0.961213 0.629482 0.962615 0.0726
0 0.580595 0.215797 0.528283 0.192547 0.552285 0.138544 0.604596 0.161794 0.0535
