0 0.095624 0.616199 0.086423 0.614819 0.095453 0.554617 0.104654 0.555998 0.0900
0 0.369001 1.000000 0.330151 0.987364 0.335296 0.976216 0.374146 0.994147 0.1735
0 0.373047 0.999349 0.358724 0.999349 0.358724 0.990234 0.373047 0.990234 0.1457
0 0.432292 0.948568 0.415365 0.948568 0.415365 0.937500 0.432292 0.937500 0.0840
0 0.420182 0.952344 0.411979 0.935938 0.429688 0.927083 0.437891 0.943490 0.0509
0 0.094999 0.616202 0.085709 0.614654 0.095826 0.553948 0.105117 0.555497 0.0612
0 0.418779 0.949636 0.385761 0.940202 0.388095 0.932034 0.421113 0.941468 0.1160
0 0.419401 0.950130 0.384440 0.938477 0.387630 0.928906 0.422591 0.940560 0.1779
0 0.078203 0.658307 0.070091 0.657148 0.073398 0.633997 0.081510 0.635156 0.0604
0 0.091363 0.631716 0.081202 0.629640 0.096538 0.554578 0.106698 0.556654 0.0575
0 0.094999 0.615551 0.086765 0.614179 0.091885 0.583456 0.100120 0.584829 0.0992
0 0.421224 0.949870 0.387420 0.943109 0.389073 0.934846 0.422877 0.941607 0.0882
0 0.233696 0.536834 0.223909 0.511754 0.257891 0.498493 0.267679 0.523573 0.0533
0 0.236864 0.535616 0.229971 0.533893 0.235409 0.512140 0.242302 0.513864 0.1905
0 0.077562 0.660279 0.069644 0.658960 0.073497 0.635839 0.081415 0.637159 0.0713
0 0.345052 0.988281 0.333333 0.988281 0.333333 0.980469 0.345052 0.980469 0.1163
0 0.361757 1.000000 0.361189 0.990472 0.378783 0.989437 0.379351 0.999093 0.0666
0 0.071024 0.690535 0.063477 0.688477 0.069336 0.666992 0.076883 0.669050 0.0595
0 0.436918 0.815362 0.414294 0.809408 0.418181 0.794635 0.440806 0.800589 0.0504
0 0.077048 0.659029 0.069536 0.657527 0.073743 0.636493 0.081255 0.637996 0.0649
0 0.421168 0.950117 0.385003 0.939365 0.387762 0.930086 0.423927 0.940837 0.6755
0 0.339668 0.400144 0.331433 0.398772 0.336025 0.371217 0.344260 0.372589 0.2755
0 0.071565 0.690355 0.064428 0.688927 0.068284 0.669646 0.075421 0.671074 0.0954
0 0.071464 0.690855 0.064078 0.689378 0.068034 0.669596 0.075421 0.671074 0.0708
0 0.093147 0.628741 0.082271 0.626619 0.096329 0.554571 0.107205 0.556694 0.0727
0 0.373047 0.999349 0.356120 0.999349 0.356120 0.989583 0.373047 0.989583 0.1804
0 0.099647 0.601195 0.092471 0.600807 0.095015 0.553753 0.102190 0.554141 0.0789
0 0.814453 0.862630 0.800130 0.862630 0.800130 0.834635 0.814453 0.834635 0.0907
0 0.595600 0.583186 0.590227 0.563159 0.633895 0.551444 0.639268 0.571470 0.0510
0 0.399249 0.989307 0.384394 0.961249 0.394146 0.956086 0.409000 0.984145 0.1342
0 0.240885 0.536458 0.231120 0.536458 0.231120 0.509115 0.240885 0.509115 0.0771
0 0.092305 0.626725 0.082302 0.624651 0.096690 0.555249 0.106693 0.557323 0.0552
0 0.256836 0.525065 0.254974 0.512031 0.263906 0.510755 0.265768 0.523789 0.0863
0 0.376953 0.999349 0.359375 0.999349 0.359375 0.990234 0.376953 0.990234 0.0992
0 0.352865 0.996745 0.330729 0.985677 0.335156 0.976823 0.357292 0.987891 0.0556
0 0.236419 0.537060 0.228876 0.534841 0.235200 0.513340 0.242743 0.515559 0.0887
0 0.351230 0.398992 0.334799 0.395569 0.339072 0.375056 0.355503 0.378479 0.0778
0 0.369693 1.000000 0.330499 0.988465 0.335648 0.976653 0.374842 0.993738 0.1450
0 0.405687 0.943468 0.383260 0.936460 0.385762 0.928453 0.408189 0.935461 0.0600
0 0.092810 0.629964 0.082021 0.627875 0.096212 0.554555 0.107001 0.556643 0.1223
0 0.260417 0.660807 0.252604 0.660807 0.252604 0.636068 0.260417 0.636068 0.0938
0 0.089635 0.630365 0.081523 0.629206 0.085286 0.602865 0.093398 0.604023 0.0595
0 0.098393 0.604530 0.090938 0.603852 0.095506 0.553604 0.102961 0.554282 0.0876
0 0.091812 0.625425 0.083429 0.623452 0.091968 0.587165 0.100350 0.589137 0.0737
0 0.258178 0.664031 0.251032 0.663237 0.254097 0.635655 0.261242 0.636449 0.4411
0 0.369445 1.000000 0.330029 0.987661 0.335263 0.976270 0.374679 0.994380 0.6589
0 0.078990 0.654972 0.070987 0.654082 0.073202 0.634146 0.081206 0.635036 0.0560
0 0.076915 0.659743 0.068987 0.657981 0.073675 0.636887 0.081602 0.638649 0.0565
0 0.375000 0.999349 0.358724 0.999349 0.358724 0.989583 0.375000 0.989583 0.0826
0 0.096999 0.610553 0.087367 0.609099 0.095781 0.553360 0.105413 0.554814 0.0532
0 0.093570 0.628154 0.082287 0.625974 0.096209 0.553905 0.107492 0.556085 0.0587
0 0.089805 0.629861 0.080980 0.627427 0.092444 0.585869 0.101269 0.588304 0.0613
0 0.421484 0.952344 0.415495 0.940365 0.430078 0.933073 0.436068 0.945052 0.1133
0 0.350808 0.398821 0.334174 0.395652 0.338237 0.374322 0.354870 0.377490 0.0750
0 0.422526 0.818359 0.414714 0.818359 0.414714 0.801432 0.422526 0.801432 0.2227
0 0.423273 0.951070 0.384389 0.939405 0.387364 0.929491 0.426247 0.941155 0.0556
0 0.352995 0.996484 0.330859 0.985417 0.335156 0.976823 0.357292 0.987891 0.2483
0 0.095398 0.618107 0.086715 0.616820 0.096013 0.554058 0.104696 0.555345 0.1494
0 0.895182 0.886719 0.877604 0.886719 0.877604 0.864583 0.895182 0.864583 0.1025
0 0.399414 0.975586 0.385417 0.961589 0.391276 0.955729 0.405273 0.969727 0.0956
0 0.426758 0.952148 0.414063 0.939453 0.427083 0.926432 0.439779 0.939128 0.0860
0 0.089193 0.630859 0.081227 0.628868 0.092295 0.584597 0.100260 0.586589 0.0639
0 0.419996 0.952081 0.416458 0.939699 0.433311 0.934884 0.436849 0.947266 0.0746
0 0.330725 0.405861 0.318036 0.379426 0.357382 0.360540 0.370071 0.386975 0.0876
0 0.334049 0.986133 0.333255 0.980573 0.336445 0.980117 0.337240 0.985677 0.0565
0 0.421875 0.951172 0.414909 0.930273 0.431120 0.924870 0.438086 0.945768 0.0603
0 0.338172 0.400004 0.330254 0.398684 0.334653 0.372290 0.342571 0.373610 0.1029
0 0.398729 0.989714 0.385066 0.960681 0.394660 0.956166 0.408323 0.985199 0.7248
0 0.433479 0.808233 0.416496 0.805551 0.420408 0.780778 0.437391 0.783460 0.0717
0 0.098334 0.602588 0.090499 0.601842 0.095160 0.552900 0.102995 0.553646 0.0520
0 0.422890 0.950042 0.413699 0.934724 0.427198 0.926624 0.436389 0.941942 0.0857
0 0.418620 0.938151 0.403646 0.938151 0.403646 0.935547 0.418620 0.935547 0.0547
0 0.348828 0.994401 0.330859 0.985417 0.334635 0.977865 0.352604 0.986849 0.0705
0 0.435547 0.947917 0.418620 0.947917 0.418620 0.932292 0.435547 0.932292 0.1008
0 0.094115 0.626901 0.083229 0.624922 0.096135 0.553937 0.107021 0.555917 0.0617
0 0.344125 0.400281 0.332724 0.398208 0.337286 0.373115 0.348687 0.375187 0.0963
0 0.360519 0.399388 0.336237 0.395341 0.341639 0.362929 0.365921 0.366976 0.0503
0 0.372396 0.999349 0.350911 0.999349 0.350911 0.988932 0.372396 0.988932 0.1399
0 0.372396 0.999349 0.358724 0.999349 0.358724 0.990234 0.372396 0.990234 0.0839
0 0.348876 0.400376 0.332885 0.397595 0.337253 0.372483 0.353243 0.375264 0.0768
