0 0.273093 0.833339 0.245107 0.827897 0.256035 0.771699 0.284020 0.777141 0.1379
0 0.639323 0.035807 0.627915 0.032385 0.631194 0.021455 0.642602 0.024877 0.1327
0 0.337057 0.762021 0.302020 0.736716 0.322415 0.708477 0.357452 0.733782 0.0636
0 0.438739 0.227785 0.396151 0.223053 0.399160 0.195971 0.441748 0.200703 0.0773
0 0.946092 0.196857 0.873619 0.192508 0.875335 0.163913 0.947808 0.168262 0.0630
0 0.910921 0.617825 0.908703 0.598976 0.937033 0.595643 0.939251 0.614492 0.0524
0 0.290326 0.447649 0.000000 0.411679 0.000648 0.397093 0.292126 0.433063 0.0751
0 0.328962 0.918886 0.299763 0.917913 0.301283 0.872326 0.330482 0.873299 0.0564
0 0.190104 0.781901 0.172526 0.781901 0.172526 0.768229 0.190104 0.768229 0.1410
0 0.302550 0.788080 0.272799 0.779579 0.278498 0.759630 0.308250 0.768131 0.0656
0 0.253592 0.793782 0.252102 0.772915 0.278520 0.771028 0.280011 0.791895 0.0772
0 0.860963 0.857516 0.834643 0.853467 0.837270 0.836393 0.863590 0.840442 0.1622
0 0.149295 0.787665 0.147556 0.772016 0.171422 0.769365 0.173161 0.785013 0.1478
0 0.087240 0.401042 0.072917 0.401042 0.072917 0.395182 0.087240 0.395182 0.0694
0 0.150247 0.788060 0.147930 0.771836 0.188398 0.766055 0.190716 0.782279 0.1962
0 0.189066 0.782270 0.175658 0.780036 0.177787 0.767261 0.191195 0.769496 0.0858
0 0.440104 0.279948 0.432943 0.279948 0.432943 0.263021 0.440104 0.263021 0.0948
0 0.150300 0.788475 0.147764 0.771989 0.188467 0.765727 0.191004 0.782213 0.8198
0 0.446831 0.094667 0.408349 0.078925 0.416822 0.058213 0.455304 0.073956 0.0711
0 0.736003 0.545247 0.727539 0.536784 0.736003 0.528320 0.744466 0.536784 0.0588
0 0.915156 0.528208 0.897128 0.490254 0.912467 0.482968 0.930494 0.520922 0.0736
0 0.170573 0.785807 0.148438 0.785807 0.148438 0.770182 0.170573 0.770182 0.1174
0 0.396484 0.741536 0.376302 0.741536 0.376302 0.722656 0.396484 0.722656 0.0884
0 0.572266 0.335938 0.562175 0.325846 0.574219 0.313802 0.584310 0.323893 0.0774
0 0.866236 0.907101 0.850210 0.903896 0.855694 0.876477 0.871720 0.879682 0.0589
0 0.514127 0.987183 0.499337 0.986706 0.500492 0.950894 0.515283 0.951371 0.0725
0 0.573151 0.785265 0.527105 0.774214 0.533098 0.749245 0.579143 0.760296 0.0562
0 0.301030 0.793552 0.272575 0.780002 0.282707 0.758724 0.311163 0.772274 0.0573
0 0.171224 0.785807 0.148438 0.785807 0.148438 0.770833 0.171224 0.770833 0.0709
0 0.841131 0.498852 0.812456 0.480930 0.831658 0.450206 0.860333 0.468128 0.0559
0 0.811916 0.662603 0.785677 0.660417 0.788138 0.630891 0.814377 0.633077 0.0500
