0 0.039714 0.895182 0.014323 0.895182 0.014323 0.881510 0.039714 0.881510 0.0687
0 0.020182 0.549479 0.000000 0.549479 0.000000 0.527344 0.020182 0.527344 0.2121
0 0.019531 0.546224 0.000000 0.546224 0.000000 0.526693 0.019531 0.526693 0.0949
0 0.011068 0.837891 0.000000 0.837891 0.000000 0.820312 0.011068 0.820312 0.1533
0 0.048693 0.919029 0.014959 0.888363 0.037289 0.863800 0.071022 0.894466 0.1421
0 0.048828 0.532552 0.020182 0.532552 0.020182 0.522786 0.048828 0.522786 0.0501
0 0.007813 0.541016 0.000000 0.532644 0.009659 0.521231 0.018554 0.529603 0.0928
0 0.111673 0.206955 0.107537 0.205921 0.110256 0.195044 0.114392 0.196078 0.0611
0 0.041016 0.429688 0.016927 0.429688 0.016927 0.422526 0.041016 0.422526 0.0507
0 0.643880 0.702474 0.635417 0.702474 0.635417 0.686849 0.643880 0.686849 0.0721
0 0.007266 0.525964 0.005078 0.523047 0.007578 0.521172 0.009766 0.524089 0.0805
0 0.052083 0.531250 0.023438 0.531250 0.023438 0.521484 0.052083 0.521484 0.0581
0 0.020182 0.547526 0.005208 0.547526 0.005208 0.526693 0.020182 0.526693 0.0771
0 0.011068 0.835938 0.000000 0.835938 0.000000 0.819661 0.011068 0.819661 0.0530
0 0.138672 0.610026 0.115885 0.610026 0.115885 0.591797 0.138672 0.591797 0.0667
0 0.007812 0.753255 0.000000 0.753255 0.000000 0.718750 0.007812 0.718750 0.1377
0 0.087891 0.005208 0.063802 0.005208 0.063802 0.000000 0.087891 0.000000 0.1121
0 0.008138 0.542643 0.000000 0.532878 0.011068 0.520182 0.020833 0.529948 0.0966
0 0.025001 0.477113 0.019444 0.474643 0.027713 0.456038 0.033270 0.458508 0.0708
0 0.020182 0.548828 0.000000 0.548828 0.000000 0.527995 0.020182 0.527995 0.0500
0 0.052734 0.531901 0.014974 0.531901 0.014974 0.522786 0.052734 0.522786 0.1180
0 0.018171 0.541716 0.008021 0.529721 0.015638 0.523276 0.025788 0.535271 0.1003
0 0.025260 0.479427 0.017969 0.475781 0.027214 0.457292 0.034505 0.460938 0.2594
0 0.138021 0.610026 0.115885 0.610026 0.115885 0.591797 0.138021 0.591797 0.0666
0 0.024740 0.479167 0.017969 0.475781 0.027344 0.457031 0.034115 0.460417 0.0560
0 0.019634 0.895563 0.018126 0.880479 0.056093 0.876682 0.057601 0.891766 0.0990
0 0.007812 0.753255 0.000000 0.753255 0.000000 0.718750 0.007812 0.718750 0.0674
0 0.422697 0.869801 0.375712 0.867328 0.377717 0.829227 0.424702 0.831700 0.0936
0 0.006698 0.536655 0.004935 0.526664 0.019903 0.524023 0.021666 0.534014 0.0529
0 0.042969 0.531901 0.013672 0.531901 0.013672 0.525391 0.042969 0.525391 0.0811
0 0.019206 0.890300 0.017253 0.888346 0.019206 0.886393 0.021159 0.888346 0.0596
0 0.017431 0.538875 0.002335 0.535323 0.004692 0.525307 0.019787 0.528859 0.0936
0 0.007759 0.538446 0.002815 0.530807 0.014828 0.523034 0.019771 0.530674 0.0560
0 0.007487 0.526367 0.004883 0.523763 0.007487 0.521159 0.010091 0.523763 0.0751
0 0.011068 0.545573 0.000000 0.545573 0.000000 0.527344 0.011068 0.527344 0.0793
0 0.011068 0.837891 0.000000 0.837891 0.000000 0.820964 0.011068 0.820964 0.6496
0 0.046224 0.533203 0.019531 0.533203 0.019531 0.526042 0.046224 0.526042 0.0577
0 0.046224 0.531250 0.024089 0.531250 0.024089 0.523438 0.046224 0.523438 0.0811
0 0.019531 0.546875 0.007812 0.546875 0.007812 0.526693 0.019531 0.526693 0.2378
0 0.016747 0.891787 0.015595 0.882572 0.034185 0.880248 0.035337 0.889463 0.1196
0 0.052734 0.531901 0.013021 0.531901 0.013021 0.522786 0.052734 0.522786 0.1206
0 0.027995 0.896484 0.025664 0.880169 0.057109 0.875677 0.059440 0.891992 0.0846
0 0.050712 0.532181 0.023985 0.531019 0.024369 0.522204 0.051096 0.523366 0.0839
0 0.020833 0.548828 0.004557 0.548828 0.004557 0.526693 0.020833 0.526693 0.0755
0 0.011719 0.837240 0.000000 0.837240 0.000000 0.820312 0.011719 0.820312 0.1504
0 0.030599 0.895182 0.014323 0.895182 0.014323 0.882812 0.030599 0.882812 0.0544
0 0.019987 0.534440 0.006901 0.530078 0.009505 0.522266 0.022591 0.526628 0.0685
0 0.029297 0.892578 0.014323 0.892578 0.014323 0.882812 0.029297 0.882812 0.3054
0 0.048828 0.532552 0.019531 0.532552 0.019531 0.522786 0.048828 0.522786 0.0599
0 0.028646 0.892578 0.014323 0.892578 0.014323 0.882161 0.028646 0.882161 0.1578
0 0.007813 0.524089 0.003255 0.518880 0.006896 0.515694 0.011454 0.520903 0.0647
0 0.453776 0.123698 0.434245 0.123698 0.434245 0.113281 0.453776 0.113281 0.0688
0 0.041016 0.430990 0.016927 0.430990 0.016927 0.423177 0.041016 0.423177 0.2425
0 0.007812 0.519531 0.000000 0.519531 0.000000 0.518880 0.007812 0.518880 0.0663
0 0.520508 0.803060 0.503516 0.797396 0.508529 0.782357 0.525521 0.788021 0.0528
0 0.015689 0.895103 0.014283 0.882455 0.047725 0.878740 0.049130 0.891387 0.3629
0 0.007031 0.525130 0.005729 0.522526 0.007813 0.521484 0.009115 0.524089 0.0785
0 0.087891 0.004557 0.064453 0.004557 0.064453 0.000000 0.087891 0.000000 0.0826
0 0.046579 0.923057 0.014574 0.888052 0.040745 0.864124 0.072750 0.899130 0.1269
0 0.034505 0.530599 0.025391 0.530599 0.025391 0.526693 0.034505 0.526693 0.0960
0 0.087891 0.005208 0.064453 0.005208 0.064453 0.000000 0.087891 0.000000 0.2390
