0 0.380686 0.687677 0.376502 0.660476 0.400914 0.656720 0.405098 0.683921 0.0570
0 0.749349 0.193359 0.745443 0.193359 0.745443 0.190755 0.749349 0.190755 0.0556
0 0.621475 0.600283 0.569280 0.579405 0.585444 0.538995 0.637639 0.559873 0.0671
0 0.996237 0.087539 0.962695 0.082747 0.965651 0.062057 0.999193 0.066849 0.0774
0 0.859766 0.223828 0.833984 0.210938 0.839583 0.199740 0.865365 0.212630 0.0997
0 0.767653 0.174522 0.716890 0.155634 0.722462 0.140659 0.773225 0.159547 0.1712
0 0.731558 0.754838 0.690071 0.737058 0.700813 0.711993 0.742300 0.729773 0.0631
0 0.769531 0.171875 0.760417 0.171875 0.760417 0.158203 0.769531 0.158203 0.0607
0 0.410272 0.439055 0.384144 0.434875 0.388134 0.409940 0.414262 0.414120 0.0619
0 0.846298 0.273329 0.800865 0.240429 0.830448 0.199576 0.875881 0.232476 0.0871
0 0.447737 0.447156 0.383386 0.434781 0.388359 0.408919 0.452711 0.421294 0.1898
0 0.746094 0.194010 0.745052 0.191927 0.747917 0.190495 0.748958 0.192578 0.0521
0 0.704252 0.636338 0.663737 0.631836 0.670089 0.574671 0.710604 0.579173 0.0675
0 0.214681 0.418709 0.131053 0.406196 0.170951 0.139562 0.254578 0.152076 0.0527
0 0.182080 0.226511 0.165460 0.216124 0.198121 0.163865 0.214741 0.174252 0.0501
0 0.206800 0.466953 0.114075 0.450066 0.171232 0.136226 0.263956 0.153113 0.0550
0 0.195929 0.402366 0.139037 0.390253 0.195915 0.123099 0.252807 0.135212 0.0730
0 0.784096 0.535433 0.769134 0.518333 0.801075 0.490384 0.816038 0.507484 0.0533
0 0.841938 0.736522 0.835198 0.696087 0.862014 0.691617 0.868753 0.732052 0.1165
0 0.525076 0.629528 0.478106 0.628105 0.479730 0.574512 0.526700 0.575935 0.0553
0 0.767926 0.174854 0.716627 0.155617 0.722300 0.140491 0.773598 0.159728 0.8984
0 0.818066 0.308044 0.794852 0.298223 0.800073 0.285883 0.823287 0.295704 0.0722
0 0.736128 0.161809 0.717221 0.153931 0.722749 0.140664 0.741656 0.148541 0.0551
0 0.766948 0.174161 0.737088 0.163497 0.741831 0.150217 0.771691 0.160881 0.0546
0 0.768184 0.173940 0.746520 0.165275 0.751684 0.152366 0.773348 0.161032 0.0617
