0 0.320389 0.896178 0.296186 0.890127 0.300513 0.872817 0.324717 0.878868 0.0539
0 0.628906 0.520182 0.605469 0.520182 0.605469 0.499349 0.628906 0.499349 0.0765
0 0.678054 0.555861 0.600562 0.514135 0.611286 0.494218 0.688778 0.535945 0.3034
0 0.628255 0.520833 0.606120 0.520833 0.606120 0.499349 0.628255 0.499349 0.3699
0 0.691581 0.555497 0.659375 0.541406 0.663589 0.531775 0.695795 0.545865 0.0546
0 0.512370 0.270182 0.494141 0.270182 0.494141 0.233724 0.512370 0.233724 0.1360
0 0.319589 0.900763 0.239225 0.861906 0.250496 0.838596 0.330860 0.877453 0.0954
0 0.627604 0.519531 0.606120 0.519531 0.606120 0.500651 0.627604 0.500651 0.0733
0 0.379708 0.632712 0.367588 0.614533 0.379607 0.606520 0.391727 0.624699 0.0997
0 0.659352 0.545535 0.600860 0.514339 0.611601 0.494199 0.670093 0.525395 0.2517
0 0.481021 0.700302 0.471479 0.647823 0.499896 0.642656 0.509438 0.695135 0.0690
