0 0.319010 0.568359 0.305339 0.568359 0.305339 0.546224 0.319010 0.546224 0.0546
0 0.376724 0.506743 0.360476 0.493362 0.370661 0.480994 0.386909 0.494374 0.0909
0 0.379591 0.520270 0.363281 0.513021 0.369859 0.498221 0.386168 0.505470 0.0930
0 0.402399 0.366108 0.383077 0.350299 0.401293 0.328035 0.420615 0.343843 0.0508
0 0.407552 0.369792 0.388672 0.369792 0.388672 0.352865 0.407552 0.352865 0.0824
0 0.872779 0.092218 0.854397 0.087623 0.861941 0.057445 0.880323 0.062040 0.0545
0 0.367839 0.496094 0.358073 0.486328 0.369466 0.474935 0.379232 0.484701 0.1050
0 0.568359 0.383464 0.557292 0.383464 0.557292 0.365885 0.568359 0.365885 0.1054
0 0.388662 0.504637 0.371595 0.502504 0.373738 0.485357 0.390805 0.487490 0.0779
0 0.309896 0.571615 0.300130 0.552083 0.312370 0.545964 0.322135 0.565495 0.0562
0 0.419120 0.359869 0.390185 0.346031 0.416275 0.291479 0.445209 0.305318 0.0567
0 0.372346 0.515666 0.367773 0.495546 0.381787 0.492361 0.386359 0.512481 0.0879
0 0.374349 0.496745 0.359375 0.496745 0.359375 0.479818 0.374349 0.479818 0.1600
0 0.397135 0.408854 0.382812 0.408854 0.382812 0.391276 0.397135 0.391276 0.1782
0 0.351562 0.364583 0.331380 0.364583 0.331380 0.350260 0.351562 0.350260 0.0772
0 0.601562 0.311849 0.581380 0.311849 0.581380 0.288411 0.601562 0.288411 0.0730
0 0.523773 0.419813 0.522163 0.386004 0.536361 0.385328 0.537971 0.419137 0.0826
0 0.403646 0.366536 0.385417 0.366536 0.385417 0.350911 0.403646 0.350911 0.0568
0 0.388672 0.504557 0.368765 0.500576 0.373873 0.475035 0.393780 0.479016 0.0546
0 0.375000 0.491536 0.360026 0.491536 0.360026 0.478516 0.375000 0.478516 0.1194
0 0.233549 0.511944 0.231415 0.504122 0.252624 0.498337 0.254758 0.506160 0.0538
0 0.390525 0.373548 0.384972 0.357999 0.404809 0.350914 0.410362 0.366463 0.0755
0 0.573063 0.338888 0.554098 0.323827 0.586233 0.283361 0.605198 0.298422 0.0553
0 0.582568 0.313823 0.578411 0.290964 0.598464 0.287318 0.602620 0.310177 0.0698
0 0.364283 0.514774 0.351963 0.506561 0.361679 0.491987 0.373998 0.500200 0.1676
0 0.383464 0.516276 0.369141 0.516276 0.369141 0.501953 0.383464 0.501953 0.1698
0 0.350260 0.365234 0.331380 0.365234 0.331380 0.351562 0.350260 0.351562 0.4362
0 0.236979 0.513672 0.225260 0.513672 0.225260 0.511068 0.236979 0.511068 0.0824
0 0.221583 0.511789 0.218539 0.493525 0.251372 0.488053 0.254417 0.506317 0.1780
0 0.401693 0.380208 0.388021 0.380208 0.388021 0.362630 0.401693 0.362630 0.1879
0 0.578776 0.334635 0.566406 0.334635 0.566406 0.314453 0.578776 0.314453 0.0862
0 0.221583 0.511789 0.218521 0.493419 0.251460 0.487929 0.254522 0.506299 0.8489
0 0.822684 0.961041 0.774542 0.955186 0.785948 0.861398 0.834091 0.867253 0.0583
0 0.394121 0.384140 0.380147 0.369343 0.398786 0.351740 0.412760 0.366536 0.0634
0 0.407552 0.330078 0.395182 0.330078 0.395182 0.313151 0.407552 0.313151 0.2162
0 0.389001 0.372655 0.384679 0.356447 0.407169 0.350450 0.411491 0.366658 0.0646
0 0.410156 0.369141 0.388672 0.369141 0.388672 0.354167 0.410156 0.354167 0.0925
0 0.499349 0.243490 0.473958 0.243490 0.473958 0.207682 0.499349 0.207682 0.0678
0 0.535417 0.403516 0.521354 0.398828 0.534375 0.359766 0.548438 0.364453 0.0960
0 0.362608 0.523712 0.349819 0.518707 0.358886 0.495535 0.371675 0.500539 0.0626
0 0.404297 0.358724 0.389974 0.358724 0.389974 0.342448 0.404297 0.342448 0.2080
0 0.402344 0.382161 0.386719 0.382161 0.386719 0.361979 0.402344 0.361979 0.0764
0 0.388440 0.532429 0.359168 0.513339 0.370410 0.496101 0.399683 0.515192 0.0571
0 0.401723 0.381921 0.385056 0.379838 0.387570 0.359726 0.404237 0.361809 0.0780
0 0.307445 0.570925 0.301586 0.547488 0.315679 0.543965 0.321538 0.567402 0.0508
0 0.842448 0.082031 0.830078 0.082031 0.830078 0.059245 0.842448 0.059245 0.0680
0 0.382932 0.503359 0.365874 0.496252 0.371749 0.482152 0.388807 0.489260 0.0868
0 0.366345 0.539177 0.348882 0.534812 0.354473 0.512446 0.371936 0.516812 0.1673
0 0.221638 0.512243 0.218387 0.493822 0.251368 0.488002 0.254618 0.506423 0.0507
0 0.534946 0.143253 0.524131 0.126671 0.563492 0.101000 0.574307 0.117583 0.0825
0 0.368815 0.505534 0.358073 0.494792 0.370768 0.482096 0.381510 0.492839 0.1062
0 0.389974 0.457031 0.375000 0.457031 0.375000 0.441406 0.389974 0.441406 0.2167
0 0.372943 0.509193 0.363646 0.496797 0.372604 0.490078 0.381901 0.502474 0.0954
0 0.387395 0.503781 0.369867 0.500275 0.374775 0.475736 0.392303 0.479242 0.0827
0 0.368378 0.521183 0.351372 0.519293 0.353746 0.497928 0.370752 0.499817 0.0821
0 0.406445 0.331315 0.392956 0.329388 0.395560 0.311159 0.409049 0.313086 0.0551
0 0.367299 0.499818 0.354549 0.491972 0.365748 0.473774 0.378498 0.481620 0.0654
0 0.350911 0.363932 0.330729 0.363932 0.330729 0.349609 0.350911 0.349609 0.0636
0 0.362305 0.503581 0.352214 0.493490 0.368815 0.476888 0.378906 0.486979 0.0892
0 0.377979 0.519593 0.361171 0.508896 0.370393 0.494405 0.387201 0.505101 0.0655
0 0.389461 0.381737 0.383461 0.362406 0.413174 0.353185 0.419173 0.372516 0.0551
0 0.374349 0.505859 0.364258 0.495768 0.371745 0.488281 0.381836 0.498372 0.1047
0 0.249502 0.511077 0.219619 0.509319 0.220268 0.498289 0.250150 0.500047 0.0533
0 0.426832 0.370444 0.394417 0.366760 0.402244 0.297885 0.434658 0.301568 0.0652
0 0.384698 0.504714 0.371969 0.499259 0.377256 0.486923 0.389985 0.492378 0.1827
0 0.383070 0.518303 0.367335 0.513807 0.371757 0.498329 0.387493 0.502825 0.0805
0 0.225950 0.513510 0.224148 0.505853 0.252126 0.499270 0.253928 0.506927 0.0557
0 0.919974 0.599372 0.902520 0.591692 0.916661 0.559555 0.934115 0.567235 0.0590
0 0.579427 0.335286 0.566406 0.335286 0.566406 0.314453 0.579427 0.314453 0.0540
0 0.520833 0.485026 0.516001 0.460862 0.526643 0.458734 0.531475 0.482898 0.0947
