0 0.222656 0.923828 0.197266 0.923828 0.197266 0.913411 0.222656 0.913411 0.0577
0 0.493796 0.073491 0.476609 0.053439 0.484383 0.046775 0.501570 0.066828 0.0758
0 0.261323 0.895853 0.243211 0.890781 0.252089 0.859075 0.270201 0.864146 0.0571
0 0.824110 0.605971 0.805686 0.598214 0.810441 0.586921 0.828865 0.594678 0.0552
0 0.469727 0.085612 0.457031 0.072917 0.464844 0.065104 0.477539 0.077799 0.1857
0 0.970553 0.393129 0.959585 0.385817 0.975511 0.361929 0.986478 0.369241 0.0687
0 0.212891 0.925130 0.189453 0.925130 0.189453 0.911458 0.212891 0.911458 0.0798
0 0.227364 0.845803 0.208133 0.832983 0.214343 0.823668 0.233574 0.836488 0.1266
0 0.213639 0.942519 0.188409 0.939608 0.191152 0.915836 0.216382 0.918747 0.0519
0 0.309326 1.000000 0.285126 0.986560 0.299089 0.967669 0.323289 0.985556 0.0900
0 0.226237 0.751628 0.220378 0.745768 0.224284 0.741862 0.230143 0.747721 0.0525
0 0.336039 0.950715 0.320248 0.945781 0.328739 0.918608 0.344531 0.923543 0.0563
0 0.231215 0.846983 0.209387 0.833341 0.215897 0.822924 0.237725 0.836567 0.3235
0 0.446460 0.093525 0.440848 0.071880 0.471576 0.063913 0.477188 0.085558 0.0545
0 0.257486 0.890469 0.245592 0.887614 0.252223 0.859987 0.264116 0.862841 0.0645
0 0.169857 0.952018 0.152474 0.946224 0.155143 0.938216 0.172526 0.944010 0.1056
0 0.549221 0.960759 0.530599 0.953776 0.536004 0.939364 0.554625 0.946347 0.0739
0 0.234567 0.751838 0.217256 0.747511 0.219401 0.738932 0.236711 0.743260 0.0940
0 0.187500 0.953776 0.173177 0.953776 0.173177 0.947266 0.187500 0.947266 0.0898
0 0.831185 0.608659 0.815951 0.603581 0.820182 0.590885 0.835417 0.595964 0.0630
0 0.835286 0.606120 0.820964 0.606120 0.820964 0.593750 0.835286 0.593750 0.0881
0 0.333877 0.955912 0.319604 0.952908 0.325158 0.926527 0.339431 0.929532 0.0780
0 0.333984 0.945964 0.323242 0.935221 0.337891 0.920573 0.348633 0.931315 0.0685
0 0.185087 0.956265 0.153378 0.948338 0.155714 0.938994 0.187423 0.946921 0.4879
0 0.254818 0.764453 0.237109 0.755599 0.241146 0.747526 0.258854 0.756380 0.0928
0 0.252604 0.764974 0.217187 0.747266 0.222005 0.737630 0.257422 0.755338 0.1535
0 0.255859 0.764974 0.233885 0.756733 0.237470 0.747173 0.259445 0.755413 0.1020
0 0.233403 0.846559 0.210001 0.837784 0.213907 0.827367 0.237309 0.836143 0.1156
0 0.488978 0.071590 0.476637 0.048965 0.484893 0.044462 0.497234 0.067086 0.0739
0 0.236589 0.755990 0.217057 0.746224 0.221094 0.738151 0.240625 0.747917 0.1527
0 0.493554 0.073574 0.475222 0.051168 0.482773 0.044990 0.501105 0.067396 0.3179
0 0.255449 0.764332 0.235187 0.756733 0.238611 0.747601 0.258874 0.755199 0.1042
0 0.219401 0.928385 0.193359 0.928385 0.193359 0.916016 0.219401 0.916016 0.0757
0 0.394531 0.128906 0.384115 0.128906 0.384115 0.125000 0.394531 0.125000 0.1010
0 0.215495 0.925781 0.194010 0.925781 0.194010 0.912760 0.215495 0.912760 0.2639
0 0.167356 0.950368 0.152497 0.946653 0.154527 0.938534 0.169386 0.942249 0.0851
0 0.824870 0.606771 0.810547 0.599609 0.816146 0.588412 0.830469 0.595573 0.0602
0 0.262370 0.763672 0.250000 0.763672 0.250000 0.753906 0.262370 0.753906 0.0515
0 0.837240 0.606120 0.822917 0.606120 0.822917 0.593099 0.837240 0.593099 0.0687
0 0.469614 0.974329 0.454764 0.967964 0.462004 0.951071 0.476854 0.957435 0.0599
0 0.232963 0.845082 0.211999 0.833103 0.217688 0.823147 0.238652 0.835126 0.1274
0 0.038743 0.369500 0.029742 0.365242 0.059268 0.302816 0.068269 0.307073 0.1084
0 0.493478 0.076996 0.474805 0.055655 0.484208 0.047428 0.502881 0.068768 0.0786
0 0.335036 0.949269 0.325120 0.942658 0.337139 0.924629 0.347055 0.931240 0.0599
0 0.184373 0.957376 0.153920 0.948418 0.156791 0.938655 0.187245 0.947612 0.0830
0 0.253125 0.765234 0.217187 0.747266 0.221875 0.737891 0.257812 0.755859 0.5457
0 0.187500 0.954427 0.169271 0.954427 0.169271 0.947266 0.187500 0.947266 0.0626
