0 0.943804 0.730343 0.918373 0.728224 0.920075 0.707804 0.945506 0.709923 0.0643
0 0.818359 0.292318 0.811198 0.292318 0.811198 0.283203 0.818359 0.283203 0.1617
0 0.795833 0.285286 0.782292 0.278516 0.787370 0.268359 0.800911 0.275130 0.2025
0 0.764323 0.511068 0.755208 0.501953 0.773438 0.483724 0.782552 0.492839 0.2303
0 0.779622 0.493815 0.774089 0.488281 0.779622 0.482747 0.785156 0.488281 0.0992
0 0.819010 0.290365 0.811849 0.290365 0.811849 0.281250 0.819010 0.281250 0.0626
0 0.818359 0.292318 0.811198 0.292318 0.811198 0.283854 0.818359 0.283854 0.1088
0 0.875651 0.684245 0.856120 0.684245 0.856120 0.658854 0.875651 0.658854 0.0975
0 0.933008 0.309701 0.905859 0.300651 0.914063 0.276042 0.941211 0.285091 0.0698
0 0.941406 0.727865 0.919271 0.727865 0.919271 0.708984 0.941406 0.708984 0.1054
0 0.818359 0.292969 0.808594 0.292969 0.808594 0.281250 0.818359 0.281250 0.2069
0 0.750915 0.630578 0.743305 0.619924 0.756915 0.610202 0.764525 0.620856 0.0787
0 0.781901 0.492839 0.777344 0.492839 0.777344 0.485026 0.781901 0.485026 0.1537
0 0.807292 0.416667 0.787760 0.416667 0.787760 0.404297 0.807292 0.404297 0.1522
0 0.754883 0.632487 0.743164 0.620768 0.767253 0.596680 0.778971 0.608398 0.0667
0 0.868741 0.693401 0.848202 0.676713 0.865408 0.655536 0.885947 0.672224 0.2180
0 0.813802 0.296875 0.787059 0.279046 0.794471 0.267929 0.821214 0.285757 0.2828
0 0.791016 0.281901 0.787109 0.277995 0.790365 0.274740 0.794271 0.278646 0.0532
0 0.956335 0.739023 0.953692 0.718761 0.979855 0.715348 0.982498 0.735610 0.0735
0 0.979818 0.736979 0.957031 0.736979 0.957031 0.716797 0.979818 0.716797 0.0669
0 0.864261 0.690601 0.861124 0.681713 0.874303 0.677061 0.877440 0.685950 0.0863
0 0.936662 0.732442 0.918698 0.727452 0.924388 0.706970 0.942352 0.711960 0.0958
0 0.944661 0.728516 0.917969 0.728516 0.917969 0.708333 0.944661 0.708333 0.0643
0 0.875651 0.683594 0.856771 0.683594 0.856771 0.658854 0.875651 0.658854 0.1133
0 0.817949 0.293650 0.807612 0.292358 0.809054 0.280819 0.819391 0.282111 0.2825
0 0.979167 0.736979 0.958333 0.736979 0.958333 0.717448 0.979167 0.717448 0.0830
0 0.905729 0.739193 0.898177 0.724089 0.936198 0.705078 0.943750 0.720182 0.0618
0 0.753232 0.631809 0.742341 0.619102 0.768451 0.596722 0.779343 0.609429 0.1548
0 0.774089 0.507812 0.772135 0.507812 0.772135 0.505859 0.774089 0.505859 0.0902
0 0.941406 0.732422 0.919236 0.728727 0.922843 0.707084 0.945013 0.710779 0.0609
0 0.861328 0.688802 0.844401 0.688802 0.844401 0.665365 0.861328 0.665365 0.0606
0 0.779998 0.494391 0.772636 0.489483 0.777644 0.481971 0.785006 0.486879 0.0735
0 0.803385 0.418620 0.789062 0.418620 0.789062 0.409505 0.803385 0.409505 0.0739
0 0.795703 0.284896 0.781901 0.277995 0.787240 0.267318 0.801042 0.274219 0.2445
0 0.764648 0.511393 0.755208 0.501953 0.775391 0.481771 0.784831 0.491211 0.7308
0 0.790365 0.280599 0.783203 0.273438 0.789714 0.266927 0.796875 0.274089 0.0678
0 0.959482 0.740273 0.954695 0.721124 0.976754 0.715610 0.981541 0.734758 0.0699
0 0.945964 0.729167 0.917969 0.729167 0.917969 0.708333 0.945964 0.708333 0.0539
0 0.954262 0.738251 0.952965 0.717499 0.979028 0.715870 0.980325 0.736622 0.0649
0 0.958834 0.740134 0.954753 0.719727 0.977414 0.715194 0.981495 0.735602 0.0762
0 0.814784 0.296134 0.782813 0.277865 0.789543 0.266086 0.821514 0.284355 0.6918
0 0.818359 0.292318 0.811198 0.292318 0.811198 0.283203 0.818359 0.283203 0.2052
0 0.931299 0.732272 0.917569 0.726266 0.925653 0.707789 0.939383 0.713796 0.1909
0 0.751307 0.630132 0.743368 0.621201 0.752622 0.612976 0.760560 0.621906 0.0522
0 0.860026 0.688802 0.845052 0.688802 0.845052 0.667318 0.860026 0.667318 0.0838
0 0.772135 0.507812 0.757812 0.507812 0.757812 0.490885 0.772135 0.490885 0.0526
0 0.918404 0.729324 0.913444 0.713738 0.938973 0.705616 0.943932 0.721201 0.0609
0 0.754557 0.632813 0.742839 0.621094 0.767253 0.596680 0.778971 0.608398 0.8382
0 0.863281 0.688802 0.844401 0.688802 0.844401 0.662760 0.863281 0.662760 0.0549
0 0.761179 0.512021 0.753430 0.502334 0.769865 0.489186 0.777614 0.498873 0.0734
0 0.999349 0.178385 0.977214 0.178385 0.977214 0.162109 0.999349 0.162109 0.1541
0 0.802210 0.281588 0.785637 0.277168 0.787896 0.268699 0.804469 0.273119 0.1132
0 0.753163 0.632242 0.742072 0.619567 0.768252 0.596660 0.779343 0.609335 0.0721
0 0.796354 0.285547 0.782292 0.278516 0.787370 0.268359 0.801432 0.275391 0.2623
0 0.790039 0.281576 0.783203 0.274740 0.786458 0.271484 0.793294 0.278320 0.0565
0 0.808594 0.415365 0.788411 0.415365 0.788411 0.402344 0.808594 0.402344 0.0504
0 0.789141 0.417865 0.787461 0.406107 0.805872 0.403477 0.807552 0.415234 0.6176
0 0.752934 0.631743 0.743272 0.621114 0.767608 0.598991 0.777270 0.609620 0.1366
0 0.795833 0.285286 0.782031 0.278385 0.787109 0.268229 0.800911 0.275130 0.1987
0 0.818359 0.292318 0.810547 0.292318 0.810547 0.282552 0.818359 0.282552 0.2591
0 0.847963 0.692807 0.841232 0.669246 0.859977 0.663891 0.866708 0.687451 0.0573
0 0.940738 0.731876 0.919200 0.728287 0.922755 0.706961 0.944292 0.710550 0.0745
0 0.763738 0.620157 0.755837 0.607517 0.770819 0.598154 0.778719 0.610794 0.1065
0 0.851905 0.697599 0.841664 0.668157 0.872976 0.657266 0.883217 0.686709 0.0554
