0 0.921224 0.621745 0.913411 0.621745 0.913411 0.599609 0.921224 0.599609 0.1569
0 0.999349 0.149089 0.977865 0.149089 0.977865 0.119792 0.999349 0.119792 0.1757
0 0.336263 0.178060 0.319987 0.161784 0.340495 0.141276 0.356771 0.157552 0.0524
0 0.917150 0.622967 0.908150 0.597768 0.915698 0.595073 0.924697 0.620272 0.5646
0 0.463355 0.812172 0.446983 0.804416 0.459351 0.778306 0.475723 0.786061 0.0526
0 0.292539 0.162805 0.266754 0.145945 0.291642 0.107881 0.317427 0.124741 0.0579
0 0.917318 0.605469 0.909505 0.605469 0.909505 0.594401 0.917318 0.594401 0.1747
0 0.056066 0.620787 0.041406 0.611458 0.061029 0.580622 0.075689 0.589951 0.0605
0 0.912109 0.605469 0.908854 0.605469 0.908854 0.594401 0.912109 0.594401 0.1071
0 0.709635 0.617188 0.703776 0.617188 0.703776 0.609375 0.709635 0.609375 0.0641
0 0.593809 0.884955 0.567363 0.868075 0.595300 0.824308 0.621746 0.841188 0.0662
0 0.999349 0.552083 0.996745 0.552083 0.996745 0.534505 0.999349 0.534505 0.1928
0 0.915651 0.622448 0.913268 0.605768 0.920104 0.604792 0.922487 0.621471 0.1139
0 0.950521 0.606771 0.943359 0.606771 0.943359 0.579427 0.950521 0.579427 0.1043
0 0.901792 0.632301 0.894763 0.628553 0.905180 0.609021 0.912208 0.612770 0.1363
0 0.232422 0.867188 0.211589 0.867188 0.211589 0.849609 0.232422 0.849609 0.0574
0 0.689178 0.618415 0.688802 0.616536 0.692558 0.615785 0.692934 0.617663 0.1002
0 0.490234 0.484375 0.482422 0.468750 0.497526 0.461198 0.505339 0.476823 0.0528
0 0.708824 0.618470 0.702895 0.617728 0.704097 0.608113 0.710026 0.608854 0.0586
0 0.661565 0.747946 0.610418 0.733625 0.624618 0.682914 0.675764 0.697235 0.0696
0 0.999349 0.552083 0.996745 0.552083 0.996745 0.534505 0.999349 0.534505 0.1595
0 0.999349 0.552083 0.996745 0.552083 0.996745 0.534505 0.999349 0.534505 0.2031
0 0.949870 0.607422 0.943359 0.607422 0.943359 0.582682 0.949870 0.582682 0.0965
0 0.942766 0.455590 0.911840 0.442705 0.919467 0.424398 0.950394 0.437284 0.2356
0 0.999349 0.552083 0.996745 0.552083 0.996745 0.535156 0.999349 0.535156 0.1627
0 0.916667 0.606771 0.908203 0.606771 0.908203 0.593750 0.916667 0.593750 0.0703
0 0.999349 0.552083 0.996745 0.552083 0.996745 0.534505 0.999349 0.534505 0.2204
0 0.237858 0.971993 0.198230 0.962428 0.202050 0.946602 0.241678 0.956167 0.0550
0 0.950521 0.604818 0.942708 0.604818 0.942708 0.578776 0.950521 0.578776 0.1166
0 0.857871 0.732640 0.852643 0.732266 0.853714 0.717276 0.858942 0.717649 0.2086
0 0.950521 0.606771 0.944010 0.606771 0.944010 0.579427 0.950521 0.579427 0.5765
0 0.901693 0.631511 0.895703 0.628516 0.905729 0.608464 0.911719 0.611458 0.5477
0 0.999349 0.552083 0.996745 0.552083 0.996745 0.534505 0.999349 0.534505 0.2789
0 0.914922 0.622552 0.912357 0.604596 0.919831 0.603529 0.922396 0.621484 0.1607
0 0.902873 0.632227 0.895304 0.628190 0.906135 0.607881 0.913704 0.611918 0.0820
0 0.999349 0.552083 0.996745 0.552083 0.996745 0.534505 0.999349 0.534505 0.1958
