0 0.363731 0.414439 0.344767 0.406713 0.358635 0.372673 0.377599 0.380399 0.0783
0 0.871049 0.178483 0.850693 0.169231 0.866255 0.134993 0.886612 0.144246 0.0628
0 0.397225 0.047941 0.365234 0.040365 0.367732 0.029820 0.399723 0.037397 0.0785
0 0.222331 0.181315 0.216862 0.164909 0.247331 0.154753 0.252799 0.171159 0.0798
0 0.236178 0.190461 0.214561 0.171547 0.236017 0.147026 0.257634 0.165941 0.0540
0 0.549089 0.459115 0.538151 0.453646 0.548177 0.433594 0.559115 0.439063 0.0604
0 0.549715 0.457783 0.538793 0.453103 0.547144 0.433616 0.558066 0.438297 0.0595
0 0.237520 0.193389 0.232963 0.190785 0.236328 0.184896 0.240885 0.187500 0.0517
0 0.222201 0.181576 0.216732 0.165169 0.247201 0.155013 0.252669 0.171419 0.1711
0 0.523357 0.716889 0.514323 0.708984 0.531423 0.689442 0.540457 0.697346 0.0524
0 0.954427 0.718750 0.928385 0.692708 0.948242 0.672852 0.974284 0.698893 0.0522
0 0.222201 0.181576 0.216732 0.165169 0.247201 0.155013 0.252669 0.171419 0.7807
0 0.009766 0.573568 0.007812 0.573568 0.007812 0.561849 0.009766 0.561849 0.0564
0 0.708333 0.283854 0.686719 0.273047 0.703776 0.238932 0.725391 0.249740 0.0531
0 0.258097 0.628423 0.223329 0.607971 0.242526 0.575337 0.277294 0.595788 0.0519
0 0.419291 0.738572 0.406110 0.731040 0.416887 0.712180 0.430068 0.719712 0.0629
0 0.954984 0.719048 0.926202 0.696434 0.944321 0.673374 0.973102 0.695988 0.0561
0 0.548958 0.480208 0.533073 0.472266 0.542188 0.454037 0.558073 0.461979 0.0743
0 0.305117 0.186972 0.286114 0.181542 0.289259 0.170536 0.308262 0.175966 0.0828
0 0.330044 0.152744 0.312119 0.149383 0.313918 0.139792 0.331842 0.143153 0.1088
0 0.241864 0.438565 0.212282 0.424760 0.217621 0.413319 0.247203 0.427124 0.1262
0 0.507737 0.228891 0.474434 0.222231 0.479142 0.198693 0.512445 0.205354 0.0862
0 0.999349 0.908203 0.989583 0.908203 0.989583 0.894531 0.999349 0.894531 0.0691
