0 0.756921 0.424058 0.748628 0.409545 0.776252 0.393760 0.784545 0.408273 0.0554
0 0.588516 0.608061 0.535295 0.582717 0.566018 0.518199 0.619239 0.543543 0.1547
0 0.857422 0.061849 0.820964 0.061849 0.820964 0.041667 0.857422 0.041667 0.1353
0 0.825308 0.510046 0.793642 0.496475 0.800108 0.481389 0.831773 0.494960 0.2967
0 0.291641 0.238750 0.276120 0.227109 0.289323 0.209505 0.304844 0.221146 0.1307
0 0.825341 0.509564 0.793575 0.496857 0.799636 0.481703 0.831403 0.494410 0.0502
0 0.757638 0.724536 0.524865 0.574086 0.564373 0.512961 0.797145 0.663411 0.1092
0 0.426538 0.356928 0.423292 0.292019 0.475441 0.289412 0.478686 0.354321 0.0849
0 0.570052 0.417448 0.552865 0.411719 0.562370 0.383203 0.579557 0.388932 0.1580
0 0.756761 0.423778 0.748788 0.409826 0.776342 0.394081 0.784315 0.408033 0.3119
0 0.999349 0.603516 0.984375 0.603516 0.984375 0.542969 0.999349 0.542969 0.0603
