0 0.895333 0.533754 0.882512 0.514523 0.888371 0.510617 0.901192 0.529848 0.5686
0 0.815183 0.706175 0.803385 0.697917 0.815314 0.680876 0.827111 0.689134 0.0908
0 0.769531 0.683594 0.750621 0.681603 0.753606 0.653237 0.772517 0.655228 0.0915
0 0.824713 0.631719 0.823112 0.620508 0.835508 0.618737 0.837109 0.629948 0.2082
0 0.449870 0.178385 0.430990 0.178385 0.430990 0.158203 0.449870 0.158203 0.0598
0 0.830078 0.634766 0.822266 0.626953 0.832031 0.617188 0.839844 0.625000 0.2339
0 0.665619 0.890958 0.651883 0.879970 0.658552 0.871634 0.672288 0.882622 0.0745
0 0.363932 0.139974 0.347656 0.139974 0.347656 0.124349 0.363932 0.124349 0.0910
0 0.895270 0.533326 0.883085 0.516267 0.888690 0.512264 0.900875 0.529323 0.1461
0 0.765625 0.996094 0.752604 0.996094 0.752604 0.985677 0.765625 0.985677 0.0988
0 0.493188 0.184000 0.477552 0.181241 0.479971 0.167536 0.495607 0.170295 0.0639
0 0.459115 0.605729 0.437044 0.598372 0.442643 0.581576 0.464714 0.588932 0.0533
0 0.804167 0.705990 0.798568 0.694792 0.816276 0.685937 0.821875 0.697135 0.2097
0 0.854621 0.864589 0.847035 0.862314 0.855098 0.835436 0.862684 0.837712 0.6573
0 0.671224 0.109375 0.654232 0.103711 0.663021 0.077344 0.680013 0.083008 0.0916
0 0.892015 0.527467 0.882293 0.513857 0.887898 0.509854 0.897619 0.523464 0.1372
0 0.382813 0.264974 0.371419 0.253581 0.393880 0.231120 0.405273 0.242513 0.0692
0 0.008096 0.890787 0.000000 0.888174 0.004950 0.819843 0.019979 0.822457 0.0815
0 0.537521 0.353817 0.518063 0.343007 0.535752 0.311167 0.555210 0.321977 0.0693
0 0.854635 0.863997 0.846739 0.861530 0.854917 0.835358 0.862813 0.837826 0.1609
0 0.511068 0.340495 0.493490 0.340495 0.493490 0.316406 0.511068 0.316406 0.0780
0 0.887915 0.521467 0.882197 0.513461 0.887247 0.509854 0.892965 0.517860 0.0871
0 0.808865 0.706701 0.799630 0.695786 0.815448 0.682402 0.824683 0.693317 0.1107
0 0.530273 0.099935 0.520182 0.089844 0.528320 0.081706 0.538412 0.091797 0.0985
0 0.578125 0.842448 0.569010 0.842448 0.569010 0.822917 0.578125 0.822917 0.0762
0 0.809570 0.708008 0.798177 0.696615 0.813802 0.680990 0.825195 0.692383 0.0766
0 0.443359 0.368490 0.418880 0.356250 0.433594 0.326823 0.458073 0.339063 0.0535
0 0.356942 0.249925 0.339844 0.235677 0.366953 0.203146 0.384051 0.217395 0.0597
0 0.694010 0.078125 0.674479 0.078125 0.674479 0.050130 0.694010 0.050130 0.0616
0 0.840956 0.631467 0.835945 0.623449 0.853852 0.612257 0.858863 0.620274 0.3451
0 0.713542 0.071615 0.689453 0.071615 0.689453 0.049479 0.713542 0.049479 0.0540
0 0.155611 0.500709 0.133404 0.486189 0.137602 0.479769 0.159809 0.494289 0.0671
0 0.831315 0.520378 0.814323 0.514714 0.830208 0.467057 0.847201 0.472721 0.0796
0 0.826792 0.633326 0.824096 0.621193 0.856219 0.614055 0.858915 0.626187 0.1690
0 0.814453 0.701823 0.799479 0.701823 0.799479 0.690104 0.814453 0.690104 0.0919
0 0.369633 0.522239 0.335903 0.515138 0.345118 0.471368 0.378848 0.478469 0.0549
0 0.897674 0.530554 0.884133 0.515320 0.888133 0.511764 0.901675 0.526998 0.1002
0 0.821423 0.634651 0.818359 0.622396 0.833678 0.618566 0.836742 0.630821 0.0826
0 0.765625 0.996745 0.753255 0.996745 0.753255 0.985677 0.765625 0.985677 0.2296
0 0.501693 0.191276 0.485807 0.183333 0.498047 0.158854 0.513932 0.166797 0.0582
0 0.824793 0.633157 0.822151 0.622587 0.835631 0.619217 0.838274 0.629787 0.1854
0 0.800977 0.702409 0.797591 0.692253 0.814974 0.686458 0.818359 0.696615 0.0972
0 0.578455 0.325284 0.543627 0.306953 0.563780 0.268663 0.598608 0.286994 0.0541
0 0.708984 0.077474 0.675130 0.077474 0.675130 0.050130 0.708984 0.050130 0.0542
0 0.711359 0.068627 0.689453 0.063151 0.693091 0.048598 0.714997 0.054075 0.0850
0 0.899089 0.531901 0.893229 0.531901 0.893229 0.524740 0.899089 0.524740 0.0645
0 0.496962 0.190117 0.482422 0.176432 0.495820 0.162197 0.510361 0.175882 0.0718
0 0.819639 0.704158 0.804037 0.697917 0.811849 0.678385 0.827452 0.684626 0.0829
0 0.832461 0.633231 0.828970 0.621886 0.855870 0.613609 0.859361 0.624954 0.4712
0 0.765625 0.996745 0.753255 0.996745 0.753255 0.985677 0.765625 0.985677 0.3231
0 0.891276 0.523438 0.882812 0.523438 0.882812 0.513021 0.891276 0.513021 0.0520
0 0.899089 0.531250 0.892578 0.531250 0.892578 0.523438 0.899089 0.523438 0.1098
0 0.688044 0.079785 0.672335 0.075073 0.680147 0.049031 0.695856 0.053744 0.0842
0 0.506250 0.192578 0.489063 0.183984 0.502474 0.157161 0.519662 0.165755 0.0581
